0 0.088166 0.646544 0.034005 0.365899
0 0.059357 0.653917 0.065176 0.072811
0 0.065496 0.765899 0.056674 0.125346
0 0.109419 0.769585 0.025503 0.114286
0 0.130672 0.614747 0.020781 0.403687
0 0.142479 0.287097 0.021725 0.340092
0 0.162787 0.288479 0.015113 0.287558
0 0.253939 0.288940 0.019836 0.299539
0 0.275664 0.481567 0.031171 0.218433
0 0.210961 0.701382 0.018891 0.232258
0 0.174122 0.669585 0.030226 0.306912
0 0.192541 0.607834 0.023614 0.417512
0 0.318170 0.711982 0.023614 0.253456
0 0.328088 0.505991 0.013224 0.182488
0 0.355008 0.467281 0.034949 0.364977
0 0.346507 0.364516 0.033060 0.494931
0 0.380039 0.533641 0.037783 0.282028
0 0.391374 0.519816 0.034005 0.228571
0 0.400348 0.667281 0.044395 0.294931
0 0.430574 0.781567 0.027393 0.058986
0 0.452299 0.776498 0.050062 0.074654
0 0.457966 0.609677 0.023614 0.299539
0 0.515113 0.270968 0.024559 0.311521
0 0.514169 0.534562 0.022670 0.392627
0 0.542034 0.642396 0.051952 0.335484
0 0.568954 0.610599 0.030226 0.341935
0 0.612404 0.393088 0.041561 0.537327
0 0.578400 0.543779 0.017002 0.311521
0 0.574149 0.568664 0.025503 0.324424
0 0.597291 0.575115 0.011335 0.070046
0 0.603903 0.629032 0.015113 0.061751
0 0.616182 0.350230 0.034005 0.462673
0 0.691748 0.274654 0.028337 0.117972
0 0.669551 0.460369 0.038727 0.176037
0 0.736616 0.317972 0.038727 0.223041
0 0.765897 0.362212 0.023614 0.188018
0 0.673801 0.675115 0.020781 0.111521
0 0.651604 0.739171 0.017947 0.175115
0 0.912778 0.185253 0.022670 0.097696
0 0.926475 0.440092 0.023614 0.124424
0 0.864133 0.481106 0.051952 0.715207
0 0.867439 0.752995 0.024559 0.141935
0 0.884441 0.740553 0.018891 0.093088
0 0.606986 0.795251 0.019285 0.025986
0 0.630404 0.809588 0.018367 0.027778
0 0.576681 0.806900 0.013775 0.015233
0 0.556937 0.816308 0.012857 0.012545
0 0.543621 0.806004 0.015612 0.038530
0 0.524336 0.797043 0.028468 0.052867