0 0.013280 0.434744 0.024053 0.250441
0 0.038121 0.731922 0.076242 0.338624
0 0.080133 0.481481 0.034665 0.804233
0 0.113029 0.583774 0.049521 0.477954
0 0.141681 0.533951 0.021931 0.388889
0 0.160428 0.476190 0.033957 0.811287
0 0.173162 0.476631 0.039617 0.806878
0 0.119396 0.587743 0.042446 0.455908
0 0.184481 0.497354 0.021223 0.342152
0 0.202521 0.579806 0.027590 0.503527
0 0.217377 0.363757 0.027590 0.575838
0 0.229757 0.359788 0.024053 0.574956
0 0.229050 0.775573 0.019808 0.140212
0 0.250981 0.759259 0.021223 0.278660
0 0.273265 0.711199 0.029005 0.295414
0 0.284584 0.691799 0.019101 0.350088
0 0.293073 0.295855 0.024760 0.436508
0 0.304392 0.723545 0.016271 0.346561
0 0.315358 0.725309 0.015564 0.330688
0 0.316773 0.201940 0.032542 0.264550
0 0.320664 0.142416 0.019101 0.157848
0 0.333044 0.404321 0.016979 0.103175
0 0.347546 0.384480 0.017686 0.255732
0 0.359219 0.728836 0.035372 0.332451
0 0.406618 0.481041 0.060840 0.813933
0 0.430317 0.425485 0.057303 0.704586
0 0.474532 0.853175 0.043861 0.083774
0 0.511319 0.829365 0.021223 0.138448
0 0.512380 0.127866 0.020516 0.121693
0 0.541739 0.477954 0.035372 0.821869
0 0.555534 0.478395 0.033250 0.824515
0 0.575696 0.478836 0.021223 0.811287
0 0.596566 0.481041 0.023346 0.806878
0 0.613544 0.599206 0.017686 0.575838
0 0.626986 0.410935 0.026175 0.677249
0 0.649978 0.485891 0.033957 0.818342
0 0.680751 0.539242 0.017686 0.305996
0 0.703743 0.477513 0.039617 0.824515
0 0.749727 0.456349 0.041032 0.783951
0 0.764937 0.621252 0.030420 0.478836
0 0.794296 0.813933 0.015564 0.132275
0 0.807030 0.708113 0.015564 0.261023
0 0.825069 0.478836 0.062962 0.814815
0 0.842755 0.470899 0.027590 0.179894
0 0.923404 0.481922 0.051643 0.803351
0 0.958068 0.459877 0.016271 0.353616
0 0.971864 0.748236 0.022638 0.272487
0 0.984244 0.470899 0.024760 0.816578