0 0.180560 0.166208 0.019896 0.031221
0 0.266526 0.211586 0.025791 0.042088
0 0.133271 0.424298 0.048074 0.211926
0 0.203430 0.307239 0.035923 0.048209
0 0.331464 0.286578 0.037765 0.110958
0 0.411601 0.156872 0.026712 0.238751
0 0.465485 0.288491 0.053424 0.290787
0 0.523515 0.264386 0.025791 0.161463
0 0.586151 0.342822 0.066320 0.281604
0 0.608161 0.150435 0.015605 0.069681
0 0.615313 0.243072 0.033810 0.252795
0 0.629293 0.194458 0.040962 0.146924
0 0.671880 0.175012 0.031209 0.087506
0 0.660827 0.370821 0.083225 0.107492
0 0.660177 0.357587 0.028609 0.119916
0 0.648148 0.387295 0.021456 0.154486
0 0.668629 0.444823 0.020806 0.045914
0 0.881893 0.392697 0.023407 0.058337
0 0.799643 0.516934 0.029259 0.068060
0 0.657901 0.612272 0.059168 0.256576
0 0.689761 0.598228 0.050065 0.164749
0 0.722920 0.610382 0.029259 0.087506
0 0.761932 0.590126 0.034460 0.157187
0 0.764858 0.576892 0.045514 0.172852
0 0.704271 0.706696 0.025451 0.073191
0 0.733638 0.719978 0.045029 0.151803
0 0.719281 0.751423 0.026756 0.079154
0 0.755826 0.719165 0.041113 0.141502
0 0.765288 0.725129 0.027409 0.092708
0 0.775403 0.724587 0.016315 0.081865
0 0.807380 0.707780 0.033282 0.129574
0 0.851756 0.698021 0.015010 0.102467
0 0.873945 0.682299 0.029367 0.124153
0 0.871660 0.625102 0.014357 0.031445
0 0.605730 0.629439 0.029367 0.148550
0 0.583868 0.679317 0.022188 0.152887
0 0.601162 0.694226 0.026756 0.185958
0 0.537534 0.744104 0.026104 0.085118
0 0.529377 0.701816 0.013704 0.079696
0 0.515672 0.737598 0.016315 0.093792
0 0.493810 0.657360 0.026104 0.091624
0 0.499357 0.742749 0.016315 0.040119
0 0.484674 0.715912 0.033935 0.027650
0 0.489569 0.541610 0.018925 0.036866
0 0.469012 0.490648 0.018273 0.132285
0 0.477169 0.574681 0.024146 0.095419
0 0.602793 0.576850 0.023493 0.044456
0 0.435404 0.580374 0.045029 0.072106
0 0.456286 0.758200 0.021535 0.052589
0 0.418436 0.656818 0.069827 0.238005
0 0.419415 0.704798 0.024798 0.093250
0 0.395269 0.631879 0.015662 0.031987
0 0.393638 0.702901 0.033282 0.113310
0 0.344041 0.630523 0.018925 0.146381
0 0.334905 0.739225 0.033282 0.066685
0 0.296075 0.706696 0.026104 0.138249
0 0.323158 0.667932 0.020230 0.074817
0 0.325824 0.412442 0.053251 0.347465
0 0.311956 0.481567 0.049923 0.196313
0 0.320760 0.517051 0.011834 0.089094
0 0.284520 0.518894 0.026626 0.162826
0 0.263441 0.287250 0.053991 0.189862
0 0.259373 0.487865 0.023667 0.174501
0 0.250128 0.548694 0.036241 0.321966
0 0.255675 0.691859 0.032543 0.055300
0 0.204273 0.470968 0.040678 0.264823
0 0.200944 0.562519 0.038459 0.307834
0 0.171730 0.658372 0.021448 0.254992
0 0.189850 0.672504 0.038459 0.189862
0 0.130682 0.608602 0.054731 0.109985
0 0.145474 0.634409 0.014792 0.050998
0 0.126614 0.717972 0.014052 0.130876
0 0.052284 0.754839 0.013313 0.064516
0 0.061899 0.752995 0.014792 0.095238
0 0.102947 0.630415 0.031803 0.264209
0 0.104426 0.613518 0.024407 0.229186
0 0.082608 0.632565 0.019230 0.172657
0 0.063378 0.758833 0.014792 0.068817
0 0.055612 0.719816 0.030324 0.135791
0 0.393611 0.449155 0.028845 0.170814
0 0.407663 0.460215 0.027365 0.143779
0 0.297499 0.855045 0.023231 0.101323
0 0.254355 0.851599 0.023231 0.108216
0 0.224072 0.839537 0.025720 0.049628
0 0.114968 0.847808 0.028209 0.089606
0 0.523172 0.851254 0.018253 0.093741
0 0.595355 0.851254 0.033187 0.102013
0 0.673345 0.855390 0.034847 0.102013
0 0.707777 0.823683 0.019083 0.055142
0 0.738475 0.832989 0.024061 0.062724
0 0.826836 0.830921 0.018253 0.054453
0 0.755484 0.802661 0.034847 0.044803
0 0.808583 0.850221 0.033187 0.094431
0 0.175535 0.867108 0.006637 0.052385
0 0.156038 0.844706 0.014105 0.083402
0 0.073899 0.820926 0.024061 0.048249
0 0.422781 0.854701 0.026550 0.106148
0 0.458457 0.853322 0.016594 0.111663
0 0.328197 0.850221 0.016594 0.106838
0 0.391668 0.849187 0.020742 0.107527
0 0.198766 0.849187 0.028209 0.102013
0 0.360969 0.855735 0.027380 0.106838
0 0.486666 0.871588 0.011616 0.053074
0 0.549307 0.857803 0.020742 0.079267
0 0.621490 0.856769 0.017423 0.096498
0 0.633105 0.785773 0.019083 0.067549
0 0.640573 0.862628 0.022401 0.086159