0 0.303271 0.065197 0.038792 0.080808
0 0.396371 0.147383 0.012192 0.223140
0 0.454004 0.388430 0.032142 0.336088
0 0.506650 0.236915 0.037683 0.093664
0 0.578138 0.306244 0.065392 0.298439
0 0.642975 0.378788 0.033250 0.256198
0 0.833609 0.393021 0.024383 0.060606
0 0.896784 0.337925 0.024383 0.036731
0 0.930034 0.388430 0.013300 0.049587
0 0.038378 0.790634 0.023275 0.051423
0 0.059437 0.692837 0.016625 0.085399
0 0.089362 0.661616 0.036575 0.292929
0 0.092133 0.634527 0.019950 0.148760
0 0.145887 0.781451 0.023275 0.047750
0 0.140345 0.724518 0.065392 0.157943
0 0.129262 0.350321 0.023275 0.070707
0 0.189666 0.746097 0.042117 0.125803
0 0.183016 0.623967 0.033250 0.362718
0 0.210725 0.665748 0.064283 0.124885
0 0.207400 0.629936 0.035467 0.363636
0 0.227350 0.451791 0.028817 0.130395
0 0.236770 0.767218 0.029925 0.057851
0 0.250625 0.768136 0.019950 0.089073
0 0.270021 0.731405 0.025492 0.164371
0 0.297175 0.711662 0.037683 0.196511
0 0.321004 0.600092 0.029925 0.423324
0 0.404683 0.556474 0.044333 0.056933
0 0.402467 0.673095 0.053200 0.277319
0 0.482267 0.696051 0.037683 0.011019
0 0.463979 0.791552 0.016625 0.044077
0 0.483375 0.750230 0.035467 0.067952
0 0.483375 0.777319 0.035467 0.074380
0 0.555417 0.734160 0.028817 0.164371
0 0.609725 0.796602 0.024383 0.030303
0 0.657384 0.712121 0.057633 0.210285
0 0.644084 0.773646 0.031033 0.096419
0 0.699500 0.707989 0.017733 0.084481
0 0.729425 0.740129 0.019950 0.161616
0 0.742725 0.796143 0.017733 0.047750
0 0.692850 0.803489 0.022167 0.033058
0 0.763784 0.807622 0.013300 0.022957
0 0.774313 0.807622 0.016625 0.032140
0 0.787059 0.775941 0.019950 0.075298
0 0.812550 0.804867 0.017733 0.033976
0 0.844138 0.707989 0.041008 0.145087
0 0.016708 0.871820 0.009779 0.022687
0 0.034963 0.860206 0.013691 0.056717
0 0.047350 0.858046 0.016299 0.046994
0 0.060063 0.862637 0.011735 0.038892
0 0.076036 0.867499 0.014995 0.049695
0 0.088098 0.863717 0.011735 0.036731
0 0.097225 0.870469 0.015647 0.049155
0 0.138951 0.872630 0.018255 0.056717
0 0.115154 0.826446 0.029338 0.015125
0 0.166333 0.843461 0.014343 0.034030
0 0.189478 0.833198 0.013691 0.029709
0 0.217512 0.853994 0.035858 0.064819
0 0.214578 0.898558 0.010431 0.028629
0 0.225662 0.901799 0.011735 0.025388
0 0.259238 0.883973 0.028034 0.066440
0 0.284338 0.893966 0.018255 0.059418
0 0.306179 0.865338 0.026730 0.086426
0 0.317588 0.869659 0.035206 0.093988
0 0.323130 0.847783 0.018907 0.052396
0 0.331605 0.895317 0.012387 0.057797
0 0.353772 0.886674 0.021515 0.065359
0 0.375939 0.907200 0.021515 0.034030
0 0.415383 0.888835 0.020863 0.077243
0 0.431682 0.890185 0.020863 0.072382
0 0.432008 0.844812 0.014995 0.041052
0 0.477319 0.874251 0.014343 0.055637
0 0.510569 0.865878 0.028686 0.087506
0 0.537951 0.848053 0.016951 0.051855
0 0.571527 0.876411 0.031946 0.097769
0 0.613579 0.856155 0.015647 0.049695
0 0.650415 0.888565 0.024123 0.078864
0 0.657586 0.885594 0.017603 0.043753
0 0.714959 0.860747 0.016299 0.046994
0 0.711047 0.911792 0.016299 0.041052
0 0.676493 0.895857 0.028034 0.068600
0 0.683013 0.890185 0.022819 0.049695
0 0.712351 0.912062 0.016299 0.041592
0 0.729954 0.920434 0.020211 0.019446
0 0.787979 0.857235 0.011083 0.019446