0 0.088859 0.258494 0.028618 0.331497
0 0.112230 0.237374 0.039111 0.373737
0 0.238612 0.233325 0.022547 0.388179
0 0.246850 0.288839 0.030352 0.263795
0 0.291945 0.330161 0.019946 0.177811
0 0.308855 0.290091 0.022547 0.246264
0 0.309722 0.256699 0.039891 0.319726
0 0.350481 0.380666 0.013875 0.091827
0 0.356985 0.361883 0.026883 0.124384
0 0.376064 0.338926 0.047696 0.165289
0 0.388204 0.274230 0.040759 0.306369
0 0.410318 0.196594 0.036423 0.314717
0 0.409451 0.322648 0.013875 0.194507
0 0.420291 0.387345 0.032087 0.068453
0 0.471456 0.370649 0.030352 0.113532
0 0.481862 0.347274 0.030352 0.153602
0 0.487066 0.364805 0.030352 0.125219
0 0.501374 0.236664 0.045095 0.374823
0 0.543434 0.405710 0.025149 0.043409
0 0.568149 0.312630 0.019078 0.214542
0 0.586794 0.281326 0.021680 0.287169
0 0.654436 0.408214 0.039024 0.026713
0 0.674382 0.412806 0.013008 0.017531
0 0.755899 0.236247 0.049431 0.384005
0 0.843486 0.240421 0.032087 0.370649
0 0.797525 0.234160 0.007805 0.059270
0 0.869069 0.412806 0.038157 0.029218
0 0.946684 0.255447 0.035555 0.338926
0 0.950152 0.278821 0.030352 0.293848
0 0.986575 0.260456 0.019946 0.325570
0 0.988743 0.416562 0.017344 0.026713
0 0.009343 0.811592 0.014028 0.215524
0 0.017760 0.788635 0.019640 0.253876
0 0.018602 0.821045 0.016834 0.190137
0 0.027019 0.865878 0.011223 0.108032
0 0.030947 0.864258 0.011223 0.116675
0 0.043853 0.794577 0.021323 0.247394
0 0.043853 0.815103 0.010100 0.084265
0 0.047220 0.853724 0.015712 0.131259
0 0.057039 0.742721 0.010662 0.093988
0 0.066859 0.792956 0.011223 0.254956
0 0.076118 0.761087 0.017395 0.198779
0 0.081168 0.765948 0.016273 0.176092
0 0.091830 0.773781 0.012906 0.225247
0 0.101930 0.779182 0.010662 0.256576
0 0.111469 0.772700 0.016273 0.216605
0 0.119886 0.766758 0.020762 0.274942
0 0.018041 0.640361 0.011223 0.026468
0 0.048903 0.624426 0.013467 0.057257
0 0.063212 0.610652 0.012906 0.084805
0 0.111750 0.600389 0.046013 0.112894
0 0.129987 0.599579 0.045452 0.103711
0 0.129987 0.851294 0.017395 0.141522
0 0.128864 0.873440 0.015151 0.088586
0 0.140368 0.785934 0.012345 0.087506
0 0.151590 0.838870 0.010100 0.175012
0 0.156079 0.767029 0.010100 0.105872
0 0.163093 0.759736 0.011784 0.327878
0 0.170388 0.782963 0.010662 0.282504
0 0.202373 0.861287 0.049941 0.132339
0 0.174877 0.858586 0.016273 0.123697
0 0.200970 0.570950 0.015712 0.052936
0 0.163654 0.567439 0.029740 0.046994
0 0.197042 0.910441 0.028057 0.029709
0 0.240249 0.583104 0.026934 0.080484
0 0.236040 0.614973 0.035351 0.066440
0 0.222573 0.787825 0.045452 0.273862
0 0.243896 0.740291 0.026373 0.245773
0 0.245299 0.849673 0.033668 0.153406
0 0.244457 0.890455 0.017395 0.067520
0 0.268867 0.611462 0.021323 0.092908
0 0.258991 0.720626 0.014536 0.116315
0 0.275798 0.736805 0.068137 0.376055
0 0.258991 0.905593 0.014536 0.041978
0 0.290334 0.587695 0.015444 0.077835
0 0.300100 0.736805 0.074951 0.345446
0 0.313046 0.576326 0.021804 0.062967
0 0.285337 0.879356 0.017261 0.100573
0 0.319633 0.761293 0.066775 0.313088
0 0.308050 0.792120 0.023621 0.247934
0 0.337576 0.740522 0.037248 0.357252
0 0.343027 0.873016 0.012719 0.103634
0 0.353702 0.858586 0.010448 0.142988
0 0.365285 0.839783 0.027255 0.175347
0 0.356654 0.755608 0.061778 0.316586
0 0.348024 0.604530 0.016353 0.108006
0 0.371645 0.577201 0.009085 0.065591
0 0.368238 0.628362 0.020441 0.057720
0 0.358471 0.571516 0.009993 0.055096
0 0.393997 0.734260 0.025627 0.334234
0 0.416388 0.602562 0.025892 0.108444
0 0.393265 0.829936 0.015644 0.123783
0 0.409100 0.819835 0.015263 0.225528
0 0.413297 0.862626 0.014500 0.066483
0 0.403186 0.820937 0.017934 0.205693
0 0.398225 0.818549 0.007250 0.142149
0 0.435047 0.592470 0.010684 0.069789
0 0.444586 0.593205 0.009158 0.071993
0 0.445731 0.788613 0.027473 0.284298
0 0.459277 0.590083 0.009539 0.066483
0 0.469961 0.593572 0.019460 0.073462
0 0.432185 0.827732 0.022513 0.206061
0 0.441343 0.824242 0.011829 0.185859
0 0.473776 0.718825 0.058380 0.322498
0 0.485605 0.738843 0.069064 0.364004
0 0.469007 0.875482 0.022131 0.098806
0 0.483697 0.792654 0.029381 0.274747
0 0.514223 0.609550 0.030907 0.103214
0 0.516703 0.743985 0.064867 0.345638
0 0.505256 0.801653 0.019078 0.134068
0 0.515558 0.772084 0.022131 0.263728
0 0.519946 0.836731 0.017934 0.143985
0 0.569169 0.719927 0.018697 0.304132
0 0.558103 0.774839 0.014881 0.292011
0 0.570504 0.748577 0.022131 0.256382
0 0.587675 0.590266 0.010684 0.063177
0 0.585004 0.749311 0.012210 0.284298
0 0.589583 0.882645 0.009921 0.076400
0 0.606563 0.743802 0.028618 0.359229
0 0.605036 0.622590 0.018697 0.070523
0 0.598931 0.724334 0.010302 0.122681
0 0.637660 0.608081 0.025947 0.101745
0 0.628503 0.752984 0.041973 0.334986
0 0.634608 0.691093 0.039683 0.171534
0 0.634608 0.746556 0.037394 0.240588
0 0.638424 0.761433 0.031289 0.210836
0 0.651206 0.722498 0.016407 0.188062
0 0.666278 0.689440 0.018315 0.262994
0 0.674100 0.740312 0.040828 0.368411
0 0.702718 0.620937 0.020986 0.081910
0 0.695850 0.795225 0.020986 0.260055
0 0.705389 0.797612 0.011829 0.259688
0 0.715882 0.796878 0.014500 0.261157
0 0.726566 0.806244 0.019078 0.179247
0 0.743164 0.895684 0.012592 0.072360
0 0.762434 0.896602 0.021368 0.071258
0 0.787999 0.776860 0.060288 0.312948
0 0.801735 0.574472 0.010684 0.055096
0 0.800400 0.794307 0.029381 0.266299
0 0.806314 0.899908 0.014500 0.049954
0 0.825860 0.591869 0.025583 0.059270
0 0.814587 0.582060 0.016910 0.073879
0 0.822825 0.629644 0.022981 0.065531
0 0.842120 0.614826 0.011274 0.087653
0 0.859031 0.647174 0.015610 0.033809
0 0.833015 0.808290 0.017344 0.180733
0 0.865752 0.793681 0.042927 0.270891
0 0.868353 0.831664 0.025583 0.184907
0 0.926992 0.756351 0.054056 0.332415
0 0.931762 0.631466 0.013991 0.059382
0 0.958472 0.622283 0.033069 0.075298
0 0.983910 0.690542 0.020350 0.066116
0 0.949886 0.774411 0.024802 0.253444
0 0.960698 0.739822 0.029890 0.198959
0 0.992813 0.894399 0.011447 0.068564
0 0.682603 0.256191 0.046542 0.113229