0 0.023504 0.298813 0.036325 0.492593
0 0.063568 0.299715 0.028846 0.530484
0 0.111111 0.306030 0.061966 0.535897
0 0.204327 0.294302 0.046474 0.516049
0 0.261218 0.315954 0.035256 0.544919
0 0.295139 0.284378 0.040064 0.521462
0 0.331197 0.335802 0.038462 0.501614
0 0.385150 0.319563 0.053419 0.498006
0 0.428419 0.306933 0.038462 0.490788
0 0.484241 0.281671 0.075321 0.494397
0 0.518429 0.408879 0.055021 0.344634
0 0.577190 0.281671 0.041132 0.498006
0 0.606303 0.191453 0.030983 0.313960
0 0.639156 0.298813 0.060363 0.517854
0 0.676816 0.312346 0.054487 0.548528
0 0.759348 0.294302 0.066774 0.526876
0 0.886752 0.308737 0.048077 0.552137
0 0.929754 0.304226 0.032585 0.557550
0 0.968483 0.310541 0.041667 0.519658