0 0.052885 0.398057 0.024573 0.247211
0 0.088942 0.433737 0.021902 0.420513
0 0.056891 0.631251 0.051816 0.351702
0 0.065438 0.436286 0.034722 0.295633
0 0.067041 0.851064 0.014423 0.281616
0 0.097222 0.869542 0.029915 0.221725
0 0.127938 0.873364 0.019765 0.203885
0 0.142895 0.890567 0.016560 0.174577
0 0.166667 0.795633 0.013889 0.351702
0 0.122596 0.425455 0.009081 0.197514
0 0.148504 0.567537 0.018162 0.366993
0 0.196848 0.579643 0.018697 0.350427
0 0.178686 0.471966 0.009081 0.244662
0 0.102030 0.601943 0.021368 0.201336
0 0.118590 0.608951 0.009615 0.146542
0 0.131143 0.578368 0.006944 0.138897
0 0.143964 0.322875 0.009081 0.127428
0 0.157853 0.315229 0.014423 0.122331
0 0.129274 0.277001 0.018162 0.112137
0 0.185096 0.280824 0.014423 0.117234
0 0.167468 0.273178 0.006944 0.107040
0 0.241720 0.591111 0.022970 0.704678
0 0.262019 0.278912 0.027244 0.080280
0 0.266560 0.697514 0.011752 0.183497
0 0.316774 0.622968 0.024573 0.493147
0 0.289263 0.416535 0.036859 0.386107
0 0.283921 0.760591 0.026175 0.358073
0 0.331197 0.394235 0.017094 0.346605
0 0.338942 0.538228 0.033654 0.632044
0 0.334936 0.899487 0.013889 0.087925
0 0.365118 0.749759 0.019765 0.379736
0 0.368056 0.459860 0.025641 0.128702
0 0.388088 0.461772 0.018697 0.484227
0 0.401976 0.644631 0.019765 0.383559
0 0.430021 0.406977 0.016026 0.395027
0 0.417735 0.340715 0.019231 0.239565
0 0.419071 0.584740 0.012286 0.245936
0 0.446047 0.498726 0.016026 0.519907
0 0.461806 0.841507 0.016560 0.158011
0 0.466613 0.459860 0.013355 0.245936
0 0.510150 0.368749 0.021368 0.346605
0 0.479968 0.468780 0.014423 0.335136
0 0.488515 0.756131 0.012286 0.316022
0 0.497329 0.730008 0.012821 0.286713
0 0.511218 0.835136 0.021368 0.175851
0 0.536058 0.872090 0.014423 0.086651
0 0.544338 0.255338 0.013889 0.129977
0 0.527511 0.438197 0.018697 0.235742
0 0.523771 0.586651 0.021902 0.071360
0 0.524573 0.665019 0.029915 0.057343
0 0.565972 0.428640 0.036859 0.476581
0 0.549679 0.417172 0.037393 0.428159
0 0.618323 0.744025 0.022970 0.192416
0 0.610310 0.527397 0.049679 0.697032
0 0.697650 0.275726 0.014957 0.290536
0 0.655182 0.434375 0.028312 0.533924
0 0.676816 0.452852 0.030983 0.558135
0 0.674947 0.738291 0.018697 0.073908
0 0.711004 0.379580 0.019231 0.177125
0 0.712607 0.200544 0.012821 0.132525
0 0.700588 0.726822 0.016560 0.114685
0 0.650374 0.782890 0.013355 0.081554
0 0.727564 0.536954 0.066239 0.614204
0 0.876870 0.404429 0.014423 0.525004
0 0.980769 0.583465 0.019231 0.225548
0 0.830929 0.345812 0.045406 0.420513
0 0.838141 0.536317 0.010684 0.375913
0 0.808494 0.663745 0.016560 0.398850
0 0.796207 0.428003 0.014423 0.544118
0 0.773237 0.259161 0.021902 0.242113
0 0.778846 0.654825 0.011752 0.304553
0 0.917201 0.396783 0.043803 0.481678
0 0.925214 0.397420 0.018162 0.082828
0 0.829327 0.807102 0.024038 0.107040
0 0.832799 0.794996 0.023504 0.118508
0 0.950321 0.712805 0.017094 0.208982
0 0.853632 0.717265 0.011752 0.276519
0 0.870726 0.788625 0.019231 0.131251