0 0.014047 0.490956 0.014294 0.246914
0 0.027282 0.505638 0.016374 0.258398
0 0.040731 0.498591 0.011695 0.197322
0 0.050380 0.594315 0.020467 0.418135
0 0.067338 0.756695 0.013450 0.213178
0 0.088390 0.752878 0.034501 0.271318
0 0.078014 0.428151 0.013580 0.234711
0 0.086948 0.558427 0.015724 0.469423
0 0.102315 0.445378 0.023586 0.289262
0 0.120183 0.654967 0.023586 0.470141
0 0.137358 0.579242 0.028303 0.626184
0 0.174666 0.564599 0.027445 0.533161
0 0.195679 0.531438 0.023157 0.454780
0 0.202111 0.695090 0.030876 0.378984
0 0.201254 0.521102 0.085766 0.404823
0 0.223553 0.678725 0.022299 0.223945
0 0.244137 0.662360 0.044598 0.446167
0 0.234702 0.498277 0.077190 0.273040
0 0.279730 0.483635 0.057463 0.226529
0 0.295167 0.559001 0.043741 0.635659
0 0.289164 0.827735 0.018011 0.087855
0 0.302029 0.497416 0.023157 0.290267
0 0.330760 0.553833 0.024015 0.468562
0 0.356919 0.767011 0.028303 0.226529
0 0.347914 0.666236 0.022299 0.410853
0 0.362923 0.591301 0.021442 0.357450
0 0.381362 0.662360 0.018869 0.447890
0 0.395943 0.621447 0.020584 0.285099
0 0.405806 0.587425 0.018011 0.342808
0 0.418242 0.626184 0.030876 0.501292
0 0.435395 0.546081 0.017153 0.647717
0 0.450973 0.569014 0.023586 0.612618
0 0.461158 0.517334 0.020369 0.543712
0 0.476703 0.656761 0.023586 0.437123
0 0.505113 0.627692 0.031090 0.497416
0 0.531915 0.657838 0.024658 0.424203
0 0.554965 0.551787 0.036451 0.431740
0 0.608568 0.659453 0.070757 0.423127
0 0.630546 0.662145 0.026802 0.148579
0 0.646627 0.581934 0.037523 0.403747
0 0.682542 0.545866 0.042883 0.260551
0 0.720064 0.602390 0.064325 0.522179
0 0.739362 0.641688 0.040739 0.295004
0 0.748474 0.645995 0.031090 0.251938
0 0.760267 0.465116 0.031090 0.312231
0 0.778492 0.528639 0.039667 0.277778
0 0.778492 0.647610 0.033234 0.442506
0 0.809047 0.768196 0.042883 0.188415
0 0.807439 0.493109 0.035379 0.299311
0 0.842281 0.665913 0.055748 0.405900
0 0.858898 0.424203 0.039667 0.161499
0 0.871722 0.633479 0.032966 0.304425
0 0.872928 0.433220 0.024122 0.302810
0 0.918357 0.519218 0.020101 0.516796
0 0.940469 0.604005 0.014473 0.302003
0 0.902276 0.648417 0.031358 0.413437
0 0.954942 0.590278 0.025730 0.324612
0 0.969415 0.571705 0.024122 0.303618
0 0.983486 0.518007 0.023318 0.482074
0 0.723373 0.169977 0.054676 0.231751
0 0.975847 0.188146 0.019297 0.030685