0 0.097987 0.391829 0.018655 0.263695
0 0.129700 0.396936 0.046637 0.314763
0 0.151153 0.487465 0.014924 0.304550
0 0.182400 0.459610 0.028915 0.464253
0 0.160481 0.614206 0.022386 0.075209
0 0.182400 0.538069 0.032646 0.337047
0 0.187997 0.608171 0.015857 0.087279
0 0.211315 0.296193 0.036377 0.181987
0 0.223441 0.336119 0.051301 0.211699
0 0.200123 0.705200 0.023319 0.086351
0 0.217051 0.691736 0.029848 0.254410
0 0.213631 0.671309 0.031713 0.191272
0 0.236328 0.746209 0.018655 0.061281
0 0.240370 0.642526 0.032957 0.141133
0 0.268974 0.477793 0.035444 0.430981
0 0.272596 0.641958 0.018655 0.149077
0 0.264046 0.775302 0.016064 0.127927
0 0.316901 0.375013 0.012955 0.138244
0 0.346956 0.445167 0.060628 0.016507
0 0.325710 0.298927 0.037828 0.261529
0 0.331152 0.614103 0.124366 0.347158
0 0.298765 0.754926 0.024355 0.121222
0 0.287105 0.815795 0.030055 0.040751
0 0.311460 0.742546 0.022800 0.043846
0 0.323120 0.731714 0.034719 0.219230
0 0.301355 0.646859 0.020209 0.141339
0 0.343847 0.642474 0.084465 0.159393
0 0.356543 0.711338 0.027982 0.179511
0 0.361466 0.735840 0.026428 0.130507
0 0.385562 0.508614 0.011400 0.036109
0 0.303169 0.785361 0.038346 0.122253
0 0.424167 0.137470 0.012955 0.036624
0 0.461995 0.134891 0.009846 0.043846
0 0.406548 0.488497 0.045083 0.645827
0 0.412773 0.492108 0.085515 0.408542
0 0.442045 0.637058 0.045601 0.401321
0 0.444117 0.692768 0.019691 0.086660
0 0.470027 0.724234 0.053892 0.093882
0 0.468990 0.784071 0.015546 0.114516
0 0.289192 0.239864 0.013991 0.128443
0 0.497893 0.791164 0.013214 0.027081
0 0.504500 0.826370 0.012437 0.043330
0 0.457863 0.225936 0.038864 0.136181
0 0.487011 0.475472 0.084724 0.348963
0 0.507609 0.423244 0.041974 0.659239
0 0.518880 0.789229 0.014768 0.129991
0 0.529762 0.752863 0.020987 0.147013
0 0.527041 0.399644 0.038864 0.157072
0 0.539089 0.320334 0.039642 0.281647
0 0.563185 0.583024 0.038087 0.508357
0 0.546085 0.740096 0.022541 0.090529
0 0.595831 0.714562 0.045860 0.161715
0 0.577565 0.753637 0.021764 0.061900
0 0.619927 0.780331 0.028760 0.118384
0 0.689106 0.667363 0.017878 0.235995
0 0.666176 0.543562 0.038864 0.590374
0 0.659569 0.596178 0.022541 0.457289
0 0.760228 0.267719 0.049746 0.219746
0 0.729136 0.716883 0.026428 0.200402
0 0.738852 0.477019 0.034978 0.680130
0 0.774219 0.647632 0.024873 0.131538
0 0.787433 0.595017 0.027982 0.086660
0 0.789765 0.752863 0.024873 0.086660
0 0.773830 0.753250 0.022541 0.098267
0 0.857389 0.598886 0.017100 0.044878
0 0.930065 0.649180 0.030314 0.111421
0 0.938615 0.664268 0.028760 0.109099
0 0.955327 0.677422 0.021764 0.093624
0 0.509941 0.465800 0.055965 0.748994