0 0.019897 0.668192 0.019233 0.353495
0 0.046094 0.698700 0.021223 0.402573
0 0.064664 0.550471 0.015917 0.348853
0 0.073617 0.691405 0.035151 0.386656
0 0.083565 0.806141 0.019233 0.186364
0 0.103794 0.766348 0.026529 0.244727
0 0.109873 0.337615 0.019086 0.338904
0 0.111163 0.687610 0.041267 0.421954
0 0.121737 0.609460 0.018054 0.154235
0 0.142230 0.468473 0.025323 0.656706
0 0.164599 0.844096 0.049802 0.094539
0 0.199082 0.779944 0.049156 0.217379
0 0.181878 0.637391 0.039871 0.310230
0 0.184043 0.557103 0.021223 0.265287
0 0.203940 0.576336 0.041120 0.634036
0 0.216541 0.390304 0.037140 0.227484
0 0.256665 0.306075 0.035151 0.121369
0 0.233784 0.645311 0.051731 0.192333
0 0.235111 0.751758 0.021223 0.273909
0 0.254344 0.718928 0.022549 0.343547
0 0.271588 0.445973 0.015669 0.139856
0 0.284355 0.617746 0.035399 0.547238
0 0.309598 0.613394 0.027855 0.506035
0 0.300023 0.710597 0.034239 0.219940
0 0.325847 0.723073 0.020891 0.334262
0 0.338324 0.700731 0.017990 0.157266
0 0.347319 0.675197 0.031337 0.352252
0 0.342096 0.640088 0.066156 0.475859
0 0.367920 0.511065 0.060353 0.752863
0 0.409703 0.685546 0.064995 0.252244
0 0.399644 0.512612 0.020118 0.421696
0 0.421309 0.639508 0.026308 0.485144
0 0.434076 0.817858 0.016249 0.131538
0 0.454581 0.682451 0.030950 0.413185
0 0.466574 0.678196 0.050294 0.407768
0 0.459223 0.701795 0.052615 0.173321
0 0.443748 0.319561 0.034045 0.501393
0 0.495976 0.648019 0.031724 0.415506
0 0.500619 0.721526 0.047199 0.310275
0 0.526927 0.681291 0.034819 0.403126
0 0.536599 0.549752 0.040235 0.239090
0 0.555942 0.765630 0.026308 0.310275
0 0.599159 0.672893 0.037686 0.436944
0 0.607898 0.711399 0.021301 0.319515
0 0.628379 0.704025 0.020755 0.078650
0 0.637021 0.825706 0.018570 0.114073
0 0.649290 0.626741 0.031171 0.504046
0 0.665246 0.694950 0.027268 0.348547
0 0.670329 0.547818 0.027855 0.326008
0 0.686578 0.570773 0.029403 0.366760
0 0.707211 0.530538 0.021149 0.189312
0 0.832302 0.680130 0.000000 0.000516
0 0.637883 0.154596 0.052925 0.231198
0 0.733983 0.190808 0.051996 0.234912
0 0.710574 0.850046 0.031962 0.067781
0 0.733055 0.790622 0.027855 0.169916
0 0.746393 0.840297 0.019249 0.068709
0 0.747447 0.628134 0.064067 0.470752
0 0.742804 0.516749 0.052139 0.239269
0 0.743875 0.534498 0.029998 0.123777
0 0.770659 0.596565 0.045497 0.403900
0 0.786444 0.433612 0.047354 0.482823
0 0.779944 0.650882 0.036212 0.111421
0 0.807335 0.818942 0.040854 0.118849
0 0.870652 0.412113 0.042140 0.144275
0 0.836726 0.707449 0.028569 0.342118
0 0.847439 0.625312 0.068567 0.499250
0 0.866010 0.713878 0.025712 0.302121
0 0.881723 0.778159 0.027141 0.193558
0 0.902436 0.749589 0.027141 0.196415
0 0.926720 0.567817 0.035712 0.609956
0 0.944933 0.607457 0.027855 0.250696
0 0.975287 0.457467 0.038569 0.177844
0 0.958860 0.749589 0.038569 0.236412
0 0.976716 0.812442 0.027141 0.129276
0 0.972609 0.390304 0.021223 0.261971