0 0.152563 0.469982 0.017073 0.097670
0 0.183721 0.509857 0.019634 0.060932
0 0.211465 0.612455 0.015366 0.077957
0 0.080429 0.448029 0.012805 0.050179
0 0.066343 0.438620 0.023902 0.034946
0 0.115429 0.550179 0.011098 0.044803
0 0.083843 0.505824 0.016219 0.038530
0 0.050978 0.509409 0.011951 0.036738
0 0.015124 0.481183 0.010244 0.026882
0 0.108173 0.449373 0.015366 0.120968
0 0.144026 0.363351 0.023902 0.052867
0 0.147867 0.356631 0.017927 0.125448
0 0.176038 0.402330 0.012805 0.053763
0 0.162380 0.317204 0.024756 0.094982
0 0.196526 0.352599 0.029878 0.131720
0 0.210184 0.493728 0.021341 0.114695
0 0.193538 0.254928 0.015366 0.049283
0 0.219574 0.251344 0.016219 0.120968
0 0.231952 0.340950 0.027317 0.330645
0 0.272074 0.469086 0.035853 0.086918
0 0.270794 0.321685 0.026463 0.121864
0 0.307074 0.619176 0.027317 0.193548
0 0.278477 0.616935 0.021341 0.176523
0 0.266952 0.664427 0.025610 0.067204
0 0.266099 0.194444 0.027317 0.112903
0 0.335245 0.554211 0.018780 0.221326
0 0.305367 0.377688 0.037561 0.280466
0 0.318172 0.295251 0.030732 0.113799
0 0.307074 0.169355 0.027317 0.048387
0 0.335671 0.151434 0.024756 0.060932
0 0.338659 0.245520 0.022195 0.111111
0 0.346769 0.067652 0.033293 0.077957
0 0.392013 0.153226 0.026463 0.225806
0 0.374086 0.515233 0.031585 0.277778
0 0.421464 0.777330 0.018780 0.081541
0 0.389025 0.763889 0.027317 0.033154
0 0.475244 0.794355 0.020488 0.097670
0 0.360427 0.725806 0.028171 0.078853
0 0.412500 0.505376 0.040122 0.417563
0 0.422744 0.172491 0.031585 0.239247
0 0.445366 0.619624 0.018780 0.104839
0 0.458171 0.581093 0.029024 0.156810
0 0.447073 0.378584 0.022195 0.113799
0 0.441098 0.738799 0.017073 0.120968
0 0.484634 0.233871 0.034146 0.259857
0 0.483354 0.556900 0.026463 0.208781
0 0.514939 0.283602 0.026463 0.301971
0 0.507256 0.502240 0.028171 0.085125
0 0.602439 0.277330 0.025610 0.133513
0 0.553780 0.294803 0.040975 0.225806
0 0.582378 0.406362 0.036707 0.242832
0 0.552073 0.526882 0.051219 0.243728
0 0.538841 0.733871 0.033293 0.224014
0 0.594329 0.760305 0.046951 0.094086
0 0.640426 0.860215 0.026463 0.053763
0 0.673292 0.867832 0.025610 0.068996
0 0.645975 0.500000 0.035853 0.501792
0 0.623353 0.438172 0.040122 0.120072
0 0.669024 0.327061 0.027317 0.102151
0 0.690365 0.688172 0.032439 0.397849
0 0.708292 0.627688 0.018780 0.151434
0 0.741157 0.773297 0.023049 0.150538
0 0.730060 0.592742 0.028171 0.133513
0 0.755670 0.562724 0.019634 0.086022
0 0.716401 0.390233 0.017927 0.208781
0 0.690365 0.359767 0.022195 0.160394
0 0.791096 0.587814 0.039268 0.310036
0 0.813718 0.510753 0.031585 0.118280
0 0.833779 0.439964 0.020488 0.073477
0 0.861523 0.477599 0.021341 0.127240
0 0.892681 0.612903 0.025610 0.114695
0 0.862803 0.619176 0.018780 0.069892
0 0.837620 0.649194 0.033293 0.101254