0 0.356065 0.544803 0.024063 0.100358
0 0.346261 0.306900 0.018716 0.025986
0 0.352945 0.337366 0.028520 0.024194
0 0.404637 0.296147 0.023172 0.018817
0 0.399736 0.454749 0.070408 0.316308
0 0.380128 0.616039 0.031193 0.056452
0 0.372107 0.680108 0.018716 0.055556
0 0.358738 0.780018 0.032976 0.086918
0 0.486186 0.575717 0.061496 0.036738
0 0.509804 0.603943 0.057039 0.014337
0 0.700529 0.697581 0.021390 0.047491
0 0.718799 0.730287 0.102493 0.263441
0 0.741080 0.534050 0.122100 0.082437
0 0.736179 0.573925 0.046344 0.042115
0 0.674683 0.563172 0.058822 0.061828
0 0.615416 0.517921 0.084668 0.025090
0 0.576647 0.538530 0.030302 0.073477
0 0.543225 0.487455 0.029411 0.048387
0 0.561050 0.573029 0.024063 0.074373
0 0.550801 0.674731 0.023172 0.137993
0 0.629675 0.914427 0.011586 0.031362
0 0.579320 0.865143 0.019607 0.045699
0 0.600264 0.887993 0.045453 0.016129
0 0.555257 0.854391 0.021390 0.061828
0 0.061064 0.599014 0.025846 0.029570
0 0.602938 0.621416 0.050801 0.022401
0 0.227726 0.436828 0.018716 0.027778