0 0.191294 0.806452 0.051451 0.148746
0 0.192580 0.885305 0.041161 0.053763
0 0.260110 0.874552 0.024439 0.082437
0 0.250462 0.887993 0.056596 0.053763
0 0.312204 0.587366 0.033443 0.060036
0 0.293553 0.767921 0.060455 0.152330
0 0.274902 0.887993 0.025726 0.055556
0 0.275545 0.604391 0.073318 0.506272
0 0.345647 0.892921 0.015435 0.031362
0 0.458839 0.846326 0.015435 0.060036
0 0.463984 0.846774 0.054024 0.089606
0 0.441474 0.908154 0.011576 0.022401
0 0.477490 0.901434 0.014149 0.023297
0 0.481992 0.601254 0.141490 0.629032
0 0.560455 0.903226 0.020580 0.025090
0 0.559812 0.891577 0.027012 0.026882
0 0.592612 0.896505 0.015435 0.025986
0 0.610620 0.830645 0.041161 0.100358
0 0.569459 0.806452 0.018008 0.030466
0 0.916110 0.901434 0.045020 0.035842
0 0.949553 0.880376 0.029584 0.018817
0 0.869161 0.875448 0.033443 0.071685
0 0.805491 0.796147 0.039875 0.232079
0 0.655639 0.506720 0.072031 0.760753
0 0.666573 0.871416 0.024439 0.034946
0 0.660141 0.905466 0.032157 0.029570
0 0.685224 0.913082 0.018008 0.023297
0 0.661428 0.844086 0.024439 0.046595
0 0.727028 0.433244 0.055310 0.610215
0 0.721239 0.523297 0.046306 0.781362