0 0.240762 0.330197 0.016554 0.411290
0 0.249370 0.542563 0.017878 0.063620
0 0.136140 0.532706 0.044365 0.088710
0 0.105349 0.506720 0.019865 0.065412
0 0.103694 0.612903 0.015230 0.111111
0 0.152363 0.649642 0.015892 0.051971
0 0.013639 0.590054 0.020527 0.097670
0 0.008342 0.664875 0.008608 0.039427
0 0.011984 0.791219 0.010595 0.026882
0 0.269788 0.767025 0.013687 0.077061
0 0.490951 0.781948 0.034876 0.088985
0 0.520858 0.685484 0.036419 0.019713
0 0.537743 0.777330 0.026487 0.140681
0 0.519534 0.755824 0.012581 0.065412
0 0.530460 0.745072 0.013243 0.042115
0 0.119917 0.626792 0.019865 0.047491
0 0.141106 0.728495 0.007946 0.044803
0 0.156005 0.725358 0.007284 0.031362
0 0.101707 0.687276 0.011257 0.035842
0 0.460932 0.692652 0.011919 0.060932
0 0.082057 0.823339 0.011206 0.080645
0 0.094026 0.822650 0.013753 0.082024
0 0.116693 0.823683 0.024449 0.071685
0 0.138850 0.830921 0.009678 0.032396
0 0.028574 0.790598 0.011206 0.034464
0 0.123569 0.746140 0.011715 0.064103
0 0.044109 0.784395 0.009678 0.030328
0 0.059390 0.779570 0.014771 0.048249
0 0.009218 0.825062 0.016299 0.033085
0 0.011765 0.838503 0.018337 0.028260
0 0.010746 0.705128 0.007131 0.031707
0 0.041308 0.736835 0.007131 0.028950
0 0.074161 0.738558 0.011715 0.058588
0 0.049712 0.715123 0.008659 0.033774
0 0.059390 0.717880 0.006622 0.024125
0 0.089442 0.752344 0.013753 0.051696
0 0.100393 0.761304 0.012225 0.032396
0 0.104468 0.724083 0.014262 0.029639
0 0.157951 0.776813 0.013243 0.064792
0 0.132483 0.702716 0.010187 0.040667
0 0.123569 0.682037 0.014771 0.047560
0 0.033413 0.834023 0.008659 0.030328
0 0.048948 0.832644 0.012225 0.041356
0 0.060663 0.825062 0.018337 0.030328
0 0.067540 0.851944 0.008659 0.024814
0 0.149292 0.840915 0.012225 0.028950
0 0.165337 0.838158 0.012734 0.041356
0 0.174760 0.834023 0.007131 0.030328
0 0.185456 0.803005 0.009168 0.039978
0 0.171958 0.786463 0.010697 0.046871
0 0.050476 0.684105 0.013243 0.032396
0 0.185456 0.756135 0.011206 0.045492
0 0.174250 0.729253 0.011206 0.044114
0 0.211688 0.635856 0.010697 0.033774
0 0.213471 0.783361 0.008150 0.040667
0 0.206340 0.753377 0.014262 0.024814
0 0.206340 0.723739 0.012225 0.033085
0 0.214490 0.712021 0.013243 0.041356
0 0.239448 0.702026 0.011206 0.025503
0 0.226460 0.679280 0.012734 0.029639
0 0.219074 0.661704 0.011206 0.026192
0 0.184438 0.840915 0.011206 0.034464
0 0.248362 0.840226 0.010697 0.031707
0 0.246579 0.809553 0.009168 0.019989
0 0.230789 0.737524 0.011206 0.039978
0 0.241740 0.742694 0.013753 0.040667
0 0.251928 0.745795 0.013753 0.030328
0 0.235628 0.633099 0.014771 0.051696
0 0.243778 0.648608 0.015790 0.028950
0 0.259313 0.682727 0.010187 0.025503
0 0.264916 0.715123 0.020374 0.028260
0 0.250654 0.600014 0.015281 0.054453
0 0.257276 0.810587 0.011206 0.039978
0 0.297770 0.715812 0.009678 0.024125
0 0.280961 0.713055 0.009678 0.104081
0 0.293440 0.751310 0.014262 0.042735
0 0.316361 0.673766 0.006112 0.022746
0 0.326294 0.623104 0.008659 0.049628
0 0.320946 0.627929 0.008150 0.033085
0 0.275103 0.832299 0.009168 0.022746
0 0.283253 0.831266 0.011206 0.031707
0 0.293695 0.832989 0.009678 0.025503
0 0.283253 0.796112 0.007131 0.022057
0 0.297515 0.796112 0.012225 0.045492
0 0.286819 0.784739 0.013243 0.031017
0 0.307193 0.837469 0.009168 0.037221
0 0.313305 0.805418 0.010187 0.072374
0 0.345649 0.625862 0.008659 0.038599
0 0.329859 0.758892 0.011715 0.045492
0 0.336990 0.778536 0.015790 0.055831
0 0.323747 0.828508 0.011715 0.038599
0 0.342848 0.711332 0.009168 0.030328
0 0.355327 0.671009 0.009678 0.036532
0 0.344885 0.655845 0.008150 0.021368
0 0.352016 0.766129 0.011206 0.116487
0 0.383342 0.667907 0.010697 0.028950
0 0.353290 0.618624 0.008659 0.046181
0 0.373919 0.695134 0.010187 0.042046
0 0.361949 0.747174 0.015790 0.056521
0 0.399132 0.746485 0.011715 0.035842
0 0.379012 0.748553 0.016299 0.059278
0 0.404480 0.803695 0.006112 0.045492
0 0.391237 0.801282 0.012225 0.070995
0 0.358638 0.839537 0.008150 0.027571
0 0.342084 0.837124 0.010697 0.037910
0 0.367043 0.826096 0.016809 0.042046
0 0.423581 0.768541 0.015790 0.062035
0 0.411102 0.827819 0.017318 0.048249
0 0.410338 0.767508 0.013753 0.033774
0 0.425619 0.707196 0.010697 0.053763
0 0.433768 0.804728 0.014771 0.065481
0 0.443446 0.809553 0.015790 0.068238
0 0.459746 0.776124 0.010697 0.070306
0 0.438607 0.700993 0.010187 0.044114
0 0.488524 0.620692 0.012225 0.015853
0 0.428420 0.635511 0.012225 0.034464
0 0.473753 0.696857 0.017318 0.073063
0 0.497184 0.715812 0.009168 0.043424
0 0.488270 0.673077 0.012734 0.042046
0 0.516285 0.699614 0.009678 0.034464
0 0.504315 0.737179 0.016299 0.046181
0 0.490562 0.835746 0.007131 0.042046
0 0.573842 0.775779 0.011715 0.080645
0 0.561363 0.737179 0.017318 0.082024
0 0.612299 0.698235 0.012225 0.077199
0 0.591670 0.659636 0.010697 0.034464
0 0.622231 0.660670 0.012734 0.048939
0 0.641587 0.691343 0.010697 0.090984
0 0.650755 0.729942 0.015790 0.100634
0 0.598801 0.729942 0.011715 0.042735
0 0.598546 0.763372 0.010187 0.035153
0 0.586831 0.744072 0.017318 0.047560
0 0.563400 0.839537 0.011206 0.039978
0 0.573587 0.838503 0.009168 0.036532
0 0.582756 0.805762 0.013243 0.028950
0 0.629362 0.798870 0.011715 0.031707
0 0.613063 0.796112 0.010697 0.044114
0 0.690485 0.779570 0.023940 0.084092
0 0.699144 0.807486 0.008659 0.035153
0 0.672148 0.734078 0.011715 0.055142
0 0.679789 0.662738 0.016809 0.037910
0 0.668583 0.684795 0.023940 0.033774
0 0.683863 0.719948 0.009678 0.039289
0 0.671893 0.585884 0.013243 0.045492
0 0.606696 0.611387 0.014262 0.033085
0 0.719009 0.695478 0.019865 0.052385
0 0.713661 0.789220 0.009168 0.034464
0 0.719264 0.790943 0.011206 0.059967
0 0.739383 0.730976 0.022921 0.178522
0 0.746005 0.752344 0.010697 0.064103
0 0.629107 0.833333 0.012225 0.028950
0 0.676223 0.836435 0.008659 0.037910
0 0.614591 0.834712 0.014771 0.031707
0 0.834888 0.748208 0.020374 0.109595
0 0.808911 0.826441 0.025468 0.068927
0 0.765615 0.815412 0.011206 0.077199
0 0.785735 0.816446 0.014771 0.076510
0 0.789301 0.808175 0.009678 0.048939
0 0.861884 0.811966 0.011206 0.039978
0 0.763069 0.679970 0.017318 0.091674
0 0.828776 0.646884 0.016299 0.055831
0 0.820626 0.617246 0.010187 0.051696
0 0.812222 0.676523 0.014771 0.040667
0 0.781406 0.691687 0.009168 0.025503
0 0.763323 0.755790 0.018846 0.031017
0 0.808402 0.762338 0.008150 0.033085
0 0.789555 0.726840 0.013243 0.029639
0 0.795668 0.759236 0.011206 0.036532
0 0.844566 0.831955 0.013243 0.062035
0 0.856027 0.755445 0.013753 0.068927
0 0.363477 0.627240 0.012734 0.046871
0 0.359402 0.680314 0.016809 0.055142
0 0.557288 0.678591 0.012225 0.032396
0 0.430712 0.660325 0.012734 0.022057
0 0.449559 0.659291 0.012734 0.048939
0 0.642605 0.802316 0.011715 0.031707
0 0.635984 0.770954 0.011715 0.033774
0 0.621722 0.747174 0.030052 0.028950
0 0.671384 0.803350 0.008150 0.025503
0 0.648972 0.842294 0.007131 0.023435
0 0.638785 0.839881 0.010187 0.036532
0 0.438353 0.618624 0.013753 0.031017
0 0.448540 0.772333 0.022921 0.070995
0 0.596763 0.833678 0.009678 0.050317