0 0.015676 0.155018 0.020841 0.032258
0 0.102211 0.137993 0.025372 0.035842
0 0.104929 0.193100 0.016310 0.029570
0 0.042860 0.189516 0.053461 0.025986
0 0.099946 0.230287 0.020841 0.019713
0 0.153407 0.099910 0.013592 0.020609
0 0.184215 0.210573 0.015404 0.026882
0 0.220913 0.140233 0.028996 0.018817
0 0.291591 0.090054 0.019935 0.020609
0 0.322852 0.139785 0.022653 0.026882
0 0.271656 0.177867 0.016310 0.025986
0 0.256705 0.210573 0.015404 0.030466
0 0.297028 0.232079 0.016310 0.014337
0 0.277546 0.228495 0.019029 0.023297
0 0.050562 0.294803 0.018123 0.026882
0 0.133019 0.280018 0.023559 0.017025
0 0.232240 0.265233 0.020841 0.025090
0 0.259877 0.268817 0.038057 0.019713
0 0.351848 0.190860 0.057086 0.059140
0 0.422073 0.238799 0.047119 0.068996
0 0.425698 0.185484 0.021747 0.028674
0 0.472816 0.113351 0.050743 0.076165
0 0.507702 0.125000 0.024465 0.058244
0 0.587441 0.065860 0.078833 0.040323
0 0.687568 0.096326 0.052555 0.024194
0 0.630029 0.128136 0.042588 0.017921
0 0.770025 0.043011 0.019935 0.034050
0 0.789054 0.044803 0.016310 0.030466
0 0.860638 0.107079 0.036245 0.095878
0 0.849311 0.149194 0.015404 0.024194
0 0.747372 0.143369 0.032621 0.019713
0 0.679413 0.205645 0.045306 0.024194
0 0.629123 0.197133 0.024465 0.043011
0 0.771385 0.209677 0.022653 0.053763
0 0.828017 0.232975 0.019935 0.078853
0 0.779087 0.253584 0.016310 0.055556
0 0.864262 0.277778 0.036245 0.039427
0 0.906397 0.292563 0.015404 0.052867
0 0.858826 0.398746 0.016310 0.055556
0 0.916365 0.401434 0.037151 0.035842
0 0.820527 0.364994 0.042890 0.023895
0 0.743808 0.277180 0.044098 0.021505
0 0.751359 0.301075 0.076115 0.023895
0 0.765253 0.348865 0.030204 0.025090
0 0.735653 0.339904 0.027788 0.021505
0 0.729612 0.356033 0.013290 0.016726
0 0.745620 0.323477 0.013894 0.034050
0 0.676151 0.351852 0.024767 0.048984
0 0.670714 0.248805 0.046514 0.014934
0 0.636583 0.231183 0.033829 0.014337
0 0.619367 0.270012 0.046514 0.016726
0 0.575873 0.324074 0.036849 0.047192
0 0.520297 0.269415 0.042890 0.026284
0 0.510330 0.178017 0.027788 0.032258
0 0.478615 0.218937 0.062221 0.063919
0 0.790323 0.431900 0.015102 0.028674
0 0.820225 0.510454 0.045910 0.059140
0 0.768576 0.494325 0.052555 0.020908
0 0.777939 0.465651 0.028996 0.016129
0 0.699106 0.431601 0.056180 0.031661
0 0.656518 0.451912 0.026580 0.069892
0 0.628730 0.462963 0.018123 0.041816
0 0.592183 0.454600 0.054972 0.035842
0 0.913254 0.500299 0.033829 0.026882
0 0.765857 0.530765 0.015706 0.035245
0 0.711188 0.515532 0.029600 0.097969
0 0.716926 0.550777 0.048327 0.022700
0 0.651987 0.537037 0.038057 0.028674
0 0.948895 0.552270 0.013290 0.031661
0 0.864625 0.583931 0.009061 0.026882
0 0.848617 0.598865 0.016914 0.050777
0 0.935001 0.661589 0.035037 0.037634
0 0.964903 0.675329 0.010269 0.032855
0 0.866437 0.664576 0.011478 0.031661
0 0.841066 0.667861 0.041682 0.044205
0 0.815996 0.630227 0.027788 0.019116
0 0.745620 0.591398 0.041682 0.027479
0 0.761025 0.620370 0.057992 0.042413
0 0.800290 0.711171 0.013290 0.049582
0 0.763139 0.680705 0.011478 0.030466
0 0.844086 0.775090 0.048931 0.032855
0 0.941041 0.782855 0.047119 0.017324
0 0.891205 0.794504 0.042890 0.017921
0 0.987254 0.865890 0.010269 0.045998
0 0.848919 0.833035 0.033225 0.012545
0 0.846502 0.889188 0.019935 0.017324
0 0.820225 0.887993 0.037453 0.018519
0 0.739580 0.888889 0.030808 0.040621
0 0.713000 0.888590 0.018727 0.016129
0 0.771294 0.821983 0.037453 0.013142
0 0.787302 0.792413 0.042890 0.028076
0 0.720853 0.769713 0.044098 0.023297
0 0.658028 0.738650 0.044098 0.026882
0 0.697898 0.793907 0.048931 0.014337
0 0.598828 0.806750 0.016310 0.029271
0 0.611816 0.870072 0.019331 0.040024
0 0.584028 0.899940 0.042286 0.073477
0 0.580404 0.784050 0.037453 0.017324
0 0.565301 0.729689 0.022955 0.031661
0 0.533889 0.789128 0.053159 0.034648
0 0.479522 0.803465 0.035037 0.021505
0 0.672224 0.632019 0.020539 0.048984
0 0.646249 0.621565 0.021747 0.036440
0 0.613930 0.634409 0.036849 0.056153
0 0.486166 0.588411 0.022955 0.033453
0 0.478615 0.470729 0.076719 0.037037
0 0.521203 0.430108 0.060408 0.019116
0 0.517579 0.352449 0.022955 0.031063
0 0.433913 0.331243 0.023559 0.042413
0 0.410052 0.326165 0.024163 0.039427
0 0.442672 0.367384 0.049535 0.025090
0 0.356893 0.348268 0.035037 0.021505
0 0.414281 0.403823 0.025372 0.031063
0 0.455660 0.646356 0.028392 0.022700
0 0.522412 0.599164 0.048327 0.056153
0 0.488583 0.643668 0.024163 0.023297
0 0.490697 0.537933 0.070678 0.042413
0 0.402803 0.553166 0.044702 0.069295
0 0.378942 0.628435 0.022351 0.035842
0 0.412468 0.454002 0.036245 0.028674
0 0.280174 0.306452 0.099070 0.050179
0 0.192582 0.340800 0.025372 0.023297
0 0.270509 0.359618 0.033829 0.029869
0 0.322460 0.368578 0.019331 0.044205
0 0.322460 0.413978 0.019331 0.043011
0 0.256313 0.742234 0.032016 0.028076
0 0.281382 0.679510 0.015706 0.023297
0 0.280476 0.643668 0.017518 0.031661
0 0.294974 0.585125 0.065845 0.035245
0 0.338166 0.559140 0.044702 0.034648
0 0.314607 0.480585 0.030204 0.025687
0 0.292256 0.429809 0.026580 0.028076
0 0.227317 0.422043 0.045306 0.028076
0 0.194998 0.485962 0.021747 0.034050
0 0.094116 0.386201 0.025372 0.017324
0 0.148182 0.415771 0.016310 0.032258
0 0.044279 0.341995 0.028392 0.014934
0 0.073275 0.401135 0.013894 0.018519
0 0.046092 0.370370 0.025976 0.021505
0 0.063912 0.438471 0.015706 0.026284
0 0.060288 0.482676 0.010874 0.022700
0 0.124924 0.464158 0.027788 0.022700
0 0.090794 0.494624 0.036849 0.043011
0 0.262051 0.530466 0.032621 0.029869
0 0.158451 0.518519 0.029600 0.021505
0 0.093814 0.563919 0.015102 0.029869
0 0.107406 0.623955 0.035037 0.024492
0 0.154525 0.660394 0.030204 0.019713
0 0.187749 0.640084 0.045910 0.031661
0 0.235170 0.662784 0.023559 0.014934
0 0.360819 0.732975 0.025976 0.035842
0 0.348737 0.665771 0.021143 0.026882
0 0.331823 0.706392 0.027184 0.026882
0 0.451432 0.745221 0.033225 0.038829
0 0.200133 0.725209 0.027184 0.037037
0 0.392534 0.799881 0.021747 0.050179
0 0.375015 0.840502 0.030204 0.060932
0 0.442975 0.877838 0.027184 0.020908
0 0.492207 0.905317 0.036245 0.026882
0 0.519089 0.856332 0.052555 0.026882
0 0.323668 0.831243 0.053159 0.031661
0 0.326990 0.777479 0.013894 0.018519
0 0.228827 0.862306 0.021747 0.017324
0 0.278060 0.887395 0.023559 0.022103
0 0.125227 0.886499 0.016310 0.013142
0 0.098949 0.776882 0.012082 0.020908
0 0.146671 0.811828 0.025372 0.017921
0 0.096835 0.823178 0.018727 0.013142
0 0.366256 0.928614 0.030808 0.043608
0 0.327595 0.948029 0.042890 0.023895