0 0.044536 0.257168 0.088607 0.258065
0 0.019142 0.392025 0.018370 0.167563
0 0.100456 0.430556 0.029716 0.097670
0 0.043069 0.485215 0.086138 0.022401
0 0.069119 0.451165 0.042683 0.011649
0 0.061555 0.458781 0.040522 0.016129
0 0.121257 0.492832 0.033498 0.102151
0 0.079385 0.657258 0.032958 0.081541
0 0.036432 0.671595 0.011886 0.054659
0 0.049129 0.840950 0.014588 0.124552
0 0.116124 0.757616 0.017830 0.079749
0 0.202301 0.807348 0.012967 0.186380
0 0.079925 0.868728 0.009185 0.045699
0 0.301984 0.820789 0.013507 0.155914
0 0.317382 0.823477 0.010806 0.071685
0 0.377084 0.798387 0.014588 0.166667
0 0.406800 0.829301 0.009185 0.042115
0 0.403828 0.876344 0.010806 0.053763
0 0.395724 0.880376 0.010806 0.043907
0 0.505943 0.268369 0.022692 0.079749
0 0.433544 0.065412 0.036740 0.080645
0 0.403558 0.539875 0.035119 0.312724
0 0.442459 0.597670 0.024313 0.200717
0 0.448673 0.559140 0.059432 0.030466
0 0.528905 0.788530 0.010265 0.039427
0 0.536199 0.831541 0.012967 0.037634
0 0.543763 0.871864 0.023773 0.044803
0 0.579423 0.803763 0.012967 0.188172
0 0.604276 0.828853 0.011886 0.143369
0 0.625617 0.819444 0.012427 0.169355
0 0.639935 0.813172 0.015128 0.183692
0 0.650200 0.828405 0.014048 0.155018
0 0.665329 0.815860 0.008645 0.187276
0 0.716926 0.813172 0.011346 0.190860
0 0.752315 0.841846 0.022692 0.140681
0 0.765012 0.810484 0.015668 0.045699
0 0.761500 0.857527 0.015128 0.053763
0 0.791216 0.733871 0.010806 0.037634
0 0.402478 0.766577 0.008104 0.058244
0 0.462180 0.851254 0.012967 0.087814
0 0.476227 0.798835 0.014048 0.052867
0 0.487573 0.862007 0.015128 0.043011
0 0.492166 0.773297 0.012427 0.125448
0 0.015090 0.778226 0.016749 0.068996