0 0.061828 0.352151 0.010753 0.026882
0 0.124552 0.449373 0.014337 0.024194
0 0.141129 0.379928 0.013441 0.034050
0 0.179659 0.379928 0.015233 0.030466
0 0.168907 0.302419 0.018817 0.031362
0 0.222670 0.313172 0.024194 0.036738
0 0.163082 0.473118 0.010753 0.025090
0 0.224014 0.457885 0.016129 0.034050
0 0.247760 0.455645 0.015233 0.027778
0 0.223566 0.532258 0.017025 0.037634
0 0.262993 0.393369 0.024194 0.041219
0 0.264337 0.435484 0.034050 0.028674
0 0.322581 0.496864 0.037634 0.052867
0 0.282706 0.368280 0.018817 0.048387
0 0.255824 0.313172 0.015233 0.033154
0 0.281810 0.247760 0.013441 0.024194
0 0.393817 0.234319 0.022401 0.058244
0 0.332885 0.185036 0.031362 0.031362
0 0.324821 0.347222 0.015233 0.036738
0 0.359767 0.359767 0.015233 0.031362
0 0.402330 0.292115 0.014337 0.034050
0 0.430108 0.268369 0.012545 0.027778
0 0.425179 0.199373 0.011649 0.024194
0 0.487903 0.159498 0.018817 0.023297
0 0.502240 0.120520 0.036738 0.045699
0 0.594534 0.245520 0.015233 0.037634
0 0.646505 0.175179 0.011649 0.029570
0 0.458781 0.349014 0.016129 0.027778
0 0.553315 0.291667 0.011649 0.024194
0 0.453405 0.394713 0.017921 0.033154
0 0.720878 0.227151 0.011649 0.036738
0 0.715950 0.178315 0.014337 0.028674
0 0.775090 0.288978 0.012545 0.031362
0 0.739247 0.297491 0.012545 0.025090
0 0.820341 0.397401 0.011649 0.034946
0 0.844982 0.420251 0.016129 0.037634
0 0.887545 0.468190 0.024194 0.025986
0 0.828853 0.353047 0.007168 0.025090
0 0.620968 0.336470 0.014337 0.020609
0 0.719982 0.374552 0.017025 0.035842
0 0.729391 0.405914 0.014337 0.026882
0 0.632168 0.411738 0.013441 0.033154
0 0.595878 0.411738 0.012545 0.031362
0 0.604391 0.470878 0.017025 0.033154
0 0.669355 0.466398 0.028674 0.024194
0 0.547043 0.431004 0.013441 0.019713
0 0.738799 0.487007 0.015233 0.029570
0 0.267921 0.625448 0.014337 0.037634
0 0.300179 0.647849 0.016129 0.030466
0 0.422043 0.545251 0.019713 0.042115
0 0.482975 0.549731 0.019713 0.029570
0 0.597222 0.555108 0.013441 0.034946
0 0.653226 0.617384 0.017921 0.025090
0 0.701165 0.610215 0.011649 0.014337
0 0.450269 0.628584 0.013441 0.036738
0 0.387545 0.636201 0.015233 0.050179
0 0.606183 0.667115 0.015233 0.031362
0 0.383065 0.686380 0.011649 0.028674
0 0.400538 0.744176 0.012545 0.029570
0 0.363351 0.702509 0.017025 0.062724
0 0.343190 0.673835 0.017921 0.059140
0 0.336918 0.739247 0.010753 0.039427
0 0.316308 0.771057 0.008961 0.038530
0 0.289427 0.806452 0.010753 0.035842
0 0.481183 0.724910 0.012545 0.035842
0 0.490143 0.700269 0.010753 0.038530
0 0.540771 0.705197 0.015233 0.043011
0 0.513889 0.773297 0.011649 0.019713
0 0.533154 0.774194 0.021505 0.034050
0 0.561380 0.758065 0.015233 0.032258
0 0.605287 0.745520 0.017025 0.032258
0 0.487007 0.797043 0.049283 0.024194
0 0.444892 0.773746 0.036738 0.018817
0 0.469086 0.859319 0.013441 0.021505
0 0.472222 0.902778 0.008961 0.034946
0 0.484767 0.917115 0.026882 0.038530
0 0.510305 0.895609 0.017025 0.011649
0 0.531810 0.875000 0.036738 0.033154
0 0.568996 0.843190 0.014337 0.068100
0 0.628584 0.801075 0.015233 0.053763
0 0.639785 0.824373 0.014337 0.021505
0 0.668011 0.810484 0.011649 0.018817
0 0.653226 0.756720 0.016129 0.034946
0 0.694444 0.776882 0.035842 0.034050
0 0.740591 0.748208 0.015233 0.050179
0 0.762097 0.730735 0.008065 0.027778
0 0.775538 0.730735 0.025986 0.060036
0 0.776882 0.668011 0.012545 0.025986
0 0.794803 0.632616 0.010753 0.035842
0 0.804211 0.601703 0.013441 0.045699
0 0.827509 0.655466 0.011649 0.034946
0 0.866935 0.611111 0.018817 0.039427
0 0.844982 0.677867 0.010753 0.033154
0 0.901434 0.629032 0.034050 0.028674
0 0.980287 0.608423 0.019713 0.041219
0 0.932796 0.642921 0.016129 0.031362
0 0.818100 0.714606 0.012545 0.022401
0 0.807796 0.688172 0.013441 0.041219
0 0.860663 0.687276 0.009857 0.026882
0 0.887097 0.672491 0.023297 0.025986
0 0.862455 0.659946 0.015233 0.025986
0 0.439964 0.157258 0.037634 0.058244
0 0.556452 0.096326 0.048387 0.061828
0 0.250000 0.270609 0.037634 0.060932
0 0.291219 0.213262 0.012545 0.028674
0 0.433244 0.167115 0.036738 0.065412
0 0.344086 0.209677 0.030466 0.035842