0 0.250524 0.360663 0.052103 0.033154
0 0.312782 0.313620 0.026493 0.200717
0 0.357821 0.150538 0.070648 0.120072
0 0.420521 0.084677 0.017662 0.036738
0 0.438624 0.181452 0.045038 0.205197
0 0.327795 0.075717 0.113037 0.031362
0 0.478364 0.442652 0.041506 0.132616
0 0.433767 0.420699 0.042389 0.081541
0 0.577713 0.397849 0.024727 0.112903
0 0.557843 0.174731 0.020311 0.037634
0 0.709737 0.239695 0.013247 0.103047
0 0.771112 0.227151 0.024727 0.025986
0 0.382547 0.337366 0.065350 0.051075
0 0.341042 0.503584 0.026493 0.286738
0 0.265978 0.530018 0.049454 0.025986
0 0.666023 0.487007 0.088310 0.183692
0 0.714594 0.581989 0.049454 0.276882
0 0.811294 0.374104 0.025610 0.140681
0 0.861630 0.394265 0.059168 0.069892
0 0.879292 0.341398 0.039740 0.086022
0 0.749476 0.438172 0.022078 0.048387
0 0.481896 0.567652 0.052103 0.040323
0 0.530909 0.632616 0.037090 0.044803
0 0.763606 0.701165 0.016779 0.042115
0 0.473065 0.349910 0.018545 0.060036