0 0.330603 0.206541 0.047377 0.103047
0 0.352951 0.097222 0.022348 0.047491
0 0.272052 0.133513 0.057210 0.014337
0 0.315854 0.106183 0.037544 0.043907
0 0.380663 0.100358 0.047377 0.023297
0 0.302445 0.364247 0.021454 0.190860
0 0.394965 0.180108 0.117103 0.159498
0 0.364125 0.144713 0.067937 0.020609
0 0.405245 0.112455 0.032181 0.108423
0 0.556764 0.452957 0.025923 0.104839
0 0.450835 0.501792 0.025030 0.120072
0 0.336414 0.596774 0.019666 0.145161
0 0.695320 0.608871 0.034863 0.257168
0 0.777560 0.466398 0.018772 0.099462
0 0.844604 0.491487 0.084922 0.129928
0 0.851755 0.370968 0.022348 0.073477
0 0.459774 0.398297 0.021454 0.061828
0 0.537544 0.209677 0.041120 0.086022
0 0.407033 0.440412 0.012515 0.029570
0 0.339989 0.400538 0.016090 0.035842