0 0.009351 0.500448 0.015781 0.626344
0 0.014731 0.406810 0.029410 0.388889
0 0.077497 0.420251 0.021520 0.258065
0 0.045576 0.723566 0.032280 0.228495
0 0.028719 0.656362 0.018650 0.414875
0 0.046294 0.542563 0.013629 0.137097
0 0.052391 0.488351 0.091817 0.795699
0 0.064944 0.860663 0.020802 0.060036
0 0.093278 0.770161 0.022954 0.237455
0 0.115515 0.862007 0.014346 0.050179
0 0.113722 0.695789 0.017933 0.117384
0 0.107625 0.468638 0.020085 0.365591
0 0.122330 0.520609 0.022237 0.231183
0 0.130220 0.588262 0.020802 0.612007
0 0.151023 0.431452 0.019368 0.294803
0 0.150664 0.647849 0.017216 0.080645
0 0.187247 0.730735 0.018650 0.318100
0 0.182585 0.579749 0.035149 0.587814
0 0.201594 0.704301 0.021520 0.353047
0 0.213430 0.593638 0.020802 0.282258
0 0.221320 0.583781 0.038018 0.601254
0 0.252882 0.505824 0.032280 0.447133
0 0.279423 0.817652 0.026541 0.140681
0 0.272967 0.448029 0.015064 0.318996
0 0.283727 0.353943 0.015064 0.137993
0 0.288749 0.660842 0.023672 0.466846
0 0.354384 0.666219 0.144899 0.474014
0 0.325332 0.530018 0.017933 0.090502
0 0.328560 0.639337 0.027258 0.133513
0 0.331429 0.743280 0.045909 0.269713
0 0.296998 0.355735 0.018650 0.139785
0 0.346134 0.505376 0.040887 0.442652
0 0.348286 0.352151 0.016498 0.132616
0 0.415715 0.376344 0.002152 0.000000
0 0.378055 0.355287 0.028693 0.138889
0 0.355818 0.826613 0.024389 0.103047
0 0.371958 0.652778 0.027976 0.461470
0 0.394554 0.727599 0.027258 0.109319
0 0.402085 0.590054 0.029410 0.599462
0 0.420736 0.361111 0.013629 0.136201
0 0.438669 0.379928 0.019368 0.197133
0 0.441180 0.547491 0.018650 0.086022
0 0.453374 0.322581 0.015781 0.146953
0 0.458395 0.490143 0.014346 0.573477
0 0.470948 0.149642 0.016498 0.114695
0 0.486730 0.125000 0.013629 0.070789
0 0.507532 0.482079 0.026541 0.784946
0 0.534073 0.220878 0.023672 0.165771
0 0.550213 0.171595 0.020085 0.160394
0 0.561331 0.449821 0.022237 0.485663
0 0.562048 0.740591 0.015064 0.051075
0 0.558103 0.784946 0.024389 0.073477
0 0.543398 0.784050 0.017933 0.195341
0 0.583927 0.482079 0.031562 0.795699
0 0.595763 0.142473 0.019368 0.114695
0 0.617282 0.281810 0.022237 0.142473
0 0.617641 0.551075 0.020085 0.541219
0 0.631987 0.484767 0.022954 0.793907
0 0.652431 0.454749 0.026541 0.724910
0 0.661039 0.421147 0.013629 0.098566
0 0.675385 0.484767 0.013629 0.044803
0 0.675385 0.293011 0.025106 0.216846
0 0.686145 0.345878 0.026541 0.508961
0 0.688297 0.553763 0.016498 0.100358
0 0.691166 0.766577 0.017933 0.094086
0 0.691166 0.372312 0.010760 0.146057
0 0.703361 0.596326 0.016498 0.545699
0 0.715914 0.535394 0.024389 0.613799
0 0.732771 0.757168 0.026541 0.252688
0 0.729185 0.342294 0.026541 0.510753
0 0.745324 0.603047 0.022954 0.213262
0 0.757519 0.448477 0.050213 0.723118
0 0.800558 0.749104 0.020085 0.306452
0 0.811677 0.752240 0.016498 0.293011
0 0.814546 0.487455 0.042322 0.799283
0 0.839652 0.766129 0.019368 0.141577
0 0.860813 0.689068 0.024389 0.154122
0 0.837859 0.384857 0.043039 0.581541
0 0.879464 0.597222 0.018650 0.529570
0 0.913536 0.812276 0.022237 0.149642
0 0.952989 0.749104 0.015064 0.258065
0 0.980606 0.797491 0.018650 0.159498
0 0.964108 0.602599 0.012912 0.126344
0 0.958728 0.506720 0.010760 0.025986
0 0.895245 0.573029 0.017216 0.237455
0 0.980965 0.291219 0.029410 0.374552
0 0.975226 0.334677 0.020802 0.438172
0 0.910667 0.404570 0.019368 0.072581
0 0.977737 0.664427 0.018650 0.117384
0 0.925731 0.397849 0.029410 0.609319
0 0.476328 0.416667 0.017216 0.326165
0 0.876953 0.173387 0.022237 0.065412