0 0.013077 0.961470 0.022044 0.071685
0 0.018912 0.603943 0.033715 0.786738
0 0.070781 0.653674 0.046682 0.692652
0 0.098013 0.524642 0.181543 0.950716
0 0.830019 0.620968 0.084288 0.627240
0 0.797600 0.470430 0.198400 0.931900
0 0.680246 0.138889 0.124486 0.216846
0 0.618651 0.417115 0.040199 0.760753
0 0.920790 0.576165 0.154311 0.306452
0 0.926625 0.801971 0.033715 0.390681
0 0.961637 0.830197 0.046682 0.045699
0 0.968769 0.700269 0.058353 0.065412
0 0.969417 0.827509 0.059650 0.226703
0 0.632915 0.913082 0.073914 0.168459
0 0.586881 0.912634 0.036309 0.169355
0 0.500000 0.500448 0.251566 0.999104
0 0.393668 0.939068 0.028528 0.121864
0 0.408580 0.786290 0.149124 0.423835
0 0.242598 0.879928 0.032418 0.236559
0 0.195916 0.629032 0.066133 0.741935
0 0.289281 0.546595 0.022044 0.091398
0 0.304193 0.804211 0.064837 0.386201
0 0.287984 0.762097 0.060946 0.344982
0 0.171926 0.515681 0.313809 0.950717
0 0.424789 0.706541 0.347525 0.570789
0 0.213422 0.434140 0.025935 0.190860
0 0.243247 0.454301 0.062243 0.261649
0 0.987951 0.149642 0.024098 0.299283