0 0.025418 0.342878 0.011412 0.033198
0 0.039423 0.356883 0.009337 0.051873
0 0.042276 0.338987 0.026455 0.027492
0 0.049279 0.383079 0.010375 0.064841
0 0.068620 0.394825 0.018971 0.152654
0 0.082745 0.347002 0.011464 0.053792
0 0.090682 0.387272 0.019694 0.124927
0 0.095826 0.475750 0.004115 0.014403
0 0.099794 0.487066 0.006761 0.046443
0 0.106849 0.472222 0.011464 0.099059
0 0.113610 0.385068 0.010288 0.072310
0 0.125220 0.411670 0.007055 0.039095
0 0.130805 0.427102 0.007643 0.037037
0 0.131981 0.462816 0.008818 0.027925
0 0.139918 0.425632 0.005291 0.025279
0 0.117578 0.487948 0.011758 0.085832
0 0.132863 0.489271 0.019988 0.066725
0 0.140065 0.492210 0.005585 0.038507
0 0.122281 0.367431 0.007055 0.050558
0 0.153733 0.435920 0.005291 0.050558
0 0.168136 0.392122 0.007055 0.027631
0 0.178718 0.356849 0.006467 0.067019
0 0.189888 0.378895 0.015873 0.085832
0 0.181364 0.499559 0.016461 0.055556
0 0.170899 0.429630 0.005996 0.039506
0 0.156614 0.491005 0.013404 0.059259
0 0.158377 0.424691 0.004233 0.066314
0 0.162963 0.440741 0.005644 0.026455
0 0.156614 0.353086 0.006349 0.048677
0 0.148148 0.413228 0.032451 0.023633
0 0.147795 0.382363 0.005644 0.076190
0 0.188007 0.432451 0.012698 0.067019
0 0.203704 0.503527 0.013051 0.041975
0 0.202646 0.461552 0.008818 0.021517
0 0.211464 0.410758 0.005291 0.044797
0 0.216931 0.372663 0.007760 0.031393
0 0.204056 0.360847 0.008113 0.033862
0 0.210406 0.340741 0.012346 0.027513
0 0.229101 0.338624 0.010935 0.028219
0 0.236684 0.382187 0.019753 0.044092
0 0.233510 0.411640 0.016226 0.052205
0 0.242328 0.445150 0.015520 0.015520
0 0.245503 0.432804 0.011993 0.020459
0 0.236508 0.507584 0.008113 0.041623
0 0.262081 0.426279 0.005644 0.028571
0 0.259259 0.484832 0.007760 0.087831
0 0.249206 0.494885 0.004586 0.060670
0 0.244797 0.474780 0.007760 0.034568
0 0.273545 0.512346 0.010229 0.041270
0 0.282011 0.451675 0.012346 0.156966
0 0.245503 0.335450 0.009877 0.020459
0 0.126279 0.560317 0.004938 0.027160
0 0.132981 0.573016 0.011993 0.039153
0 0.156261 0.579894 0.007760 0.021869
0 0.163668 0.563845 0.009877 0.029982
0 0.146561 0.566667 0.013051 0.035626
0 0.218871 0.518166 0.012346 0.023280
0 0.216402 0.500705 0.004586 0.022222
0 0.283422 0.349559 0.010229 0.053616
0 0.299824 0.395591 0.005644 0.092063
0 0.306526 0.409347 0.009171 0.120988
0 0.320635 0.383774 0.009171 0.028924
0 0.331041 0.436332 0.051852 0.106526
0 0.317108 0.476896 0.009877 0.098765
0 0.325044 0.407407 0.023633 0.036684
0 0.327690 0.505467 0.007760 0.028219
0 0.339683 0.444797 0.026808 0.070547
0 0.343210 0.463139 0.014109 0.045855
0 0.338801 0.374427 0.008818 0.040564
0 0.334744 0.385891 0.017637 0.038095
0 0.349383 0.350617 0.013051 0.044444
0 0.300353 0.345855 0.039859 0.027866
0 0.293827 0.352557 0.016931 0.011640
0 0.270723 0.344092 0.008818 0.046208
0 0.255379 0.376367 0.034568 0.042328
0 0.238977 0.474956 0.008818 0.036332
0 0.223457 0.499118 0.011640 0.031041
0 0.213757 0.464727 0.010582 0.061728
0 0.360670 0.391182 0.008113 0.068430
0 0.374427 0.424515 0.029277 0.075132
0 0.373016 0.443034 0.008113 0.038095
0 0.380709 0.511312 0.010947 0.024631
0 0.382990 0.476951 0.010643 0.030104
0 0.395153 0.442285 0.008818 0.100651
0 0.406846 0.490487 0.004008 0.049971
0 0.402303 0.491689 0.009887 0.067340
0 0.391882 0.506520 0.006681 0.032334
0 0.417802 0.404441 0.004543 0.018973
0 0.407514 0.423147 0.008017 0.040885
0 0.400299 0.416065 0.006948 0.048100
0 0.391481 0.350195 0.006413 0.039816
0 0.384400 0.347790 0.006146 0.029662
0 0.423414 0.353001 0.011491 0.033136
0 0.368500 0.368366 0.004276 0.037144
0 0.411523 0.467105 0.010154 0.046497
0 0.419272 0.488884 0.011758 0.060125
0 0.405109 0.364491 0.008017 0.072150
0 0.411656 0.355807 0.010422 0.053712
0 0.421811 0.416199 0.007215 0.024852
0 0.427690 0.409118 0.006146 0.029929
0 0.432633 0.418470 0.007482 0.030998
0 0.438512 0.406445 0.007482 0.030463
0 0.424884 0.447330 0.022447 0.026722
0 0.424750 0.436374 0.008284 0.012827
0 0.416600 0.384132 0.011223 0.023783
0 0.431431 0.359013 0.006681 0.015766
0 0.441051 0.354337 0.011491 0.013896
0 0.443990 0.376917 0.008284 0.023783
0 0.448399 0.418070 0.011223 0.109828
0 0.445460 0.494228 0.008017 0.044626
0 0.430587 0.482993 0.008062 0.028219
0 0.438776 0.495843 0.010330 0.038297
0 0.436130 0.469262 0.013102 0.010834
0 0.456261 0.500353 0.010229 0.052557
0 0.467773 0.450671 0.012025 0.055850
0 0.475389 0.416867 0.023516 0.088718
0 0.493197 0.424368 0.018896 0.175871
0 0.479664 0.476725 0.006413 0.035808
0 0.467907 0.488215 0.005879 0.019774
0 0.472383 0.390212 0.008418 0.025253
0 0.483184 0.421456 0.010947 0.017029
0 0.480448 0.433467 0.008514 0.024022
0 0.506393 0.395944 0.013668 0.029982
0 0.507716 0.439594 0.012787 0.061728
0 0.507716 0.463183 0.007496 0.015432
0 0.506635 0.360082 0.011338 0.034014
0 0.520072 0.365121 0.008818 0.028135
0 0.517908 0.475851 0.012210 0.084113
0 0.522656 0.393095 0.012888 0.048162
0 0.539784 0.463641 0.010514 0.098358
0 0.529948 0.482974 0.008479 0.031882
0 0.532492 0.503324 0.010853 0.046127
0 0.546907 0.492301 0.018654 0.077669
0 0.482126 0.524352 0.008479 0.027812
0 0.556164 0.367938 0.007298 0.024935
0 0.558444 0.436052 0.007602 0.035273
0 0.547041 0.376908 0.006082 0.038618
0 0.561181 0.383142 0.006386 0.060208
0 0.553731 0.401843 0.010947 0.027063
0 0.562245 0.493979 0.007298 0.055039
0 0.568479 0.457337 0.011251 0.023718
0 0.570760 0.458402 0.020069 0.011859
0 0.575929 0.410509 0.006082 0.124065
0 0.580794 0.467980 0.015204 0.050477
0 0.582771 0.402755 0.006386 0.076932
0 0.593870 0.473910 0.023718 0.093353
0 0.593262 0.395609 0.004865 0.022502
0 0.602384 0.366417 0.012163 0.084534
0 0.601320 0.443350 0.008210 0.061424
0 0.593566 0.318677 0.024326 0.007298
0 0.614851 0.360944 0.010339 0.086967
0 0.624886 0.418871 0.010947 0.171806
0 0.616676 0.464179 0.009122 0.103692
0 0.607857 0.429058 0.013988 0.049261
0 0.627927 0.497020 0.007298 0.043484
0 0.633704 0.414158 0.009731 0.123457
0 0.638266 0.460682 0.009122 0.044396
0 0.645563 0.405948 0.013988 0.040747
0 0.652709 0.368850 0.006386 0.016420
0 0.650125 0.346956 0.007298 0.017029
0 0.642067 0.342091 0.008818 0.027975
0 0.663808 0.341179 0.010339 0.048653
0 0.662592 0.385878 0.006082 0.029192
0 0.656510 0.420848 0.012771 0.035273
0 0.651797 0.469653 0.017941 0.093353
0 0.646932 0.464331 0.015508 0.075412
0 0.639026 0.502798 0.013075 0.042875
0 0.643131 0.375084 0.013988 0.017941
0 0.664569 0.445630 0.008818 0.026455
0 0.673539 0.382534 0.013988 0.094265
0 0.677948 0.398346 0.012467 0.044396
0 0.664569 0.496260 0.007602 0.017637
0 0.658487 0.492003 0.015508 0.048045
0 0.671562 0.474366 0.014292 0.077845
0 0.681141 0.473302 0.010339 0.075108
0 0.685246 0.351973 0.011251 0.072067
0 0.687679 0.409445 0.005778 0.027671
0 0.692696 0.391504 0.008514 0.042875
0 0.697409 0.370370 0.009427 0.055951
0 0.691480 0.469501 0.013988 0.094265
0 0.697105 0.468132 0.010643 0.095785
0 0.709268 0.345436 0.008210 0.026759
0 0.712157 0.451560 0.013380 0.138053
0 0.720215 0.463115 0.010643 0.117983
0 0.729034 0.445022 0.009427 0.153561
0 0.736180 0.393633 0.006690 0.123761
0 0.725233 0.342699 0.006690 0.041355
0 0.712917 0.348781 0.019765 0.056559
0 0.747278 0.477711 0.008818 0.080885
0 0.759290 0.455057 0.008514 0.078149
0 0.769476 0.382534 0.014900 0.049869
0 0.758529 0.348020 0.006386 0.050173
0 0.758529 0.399562 0.009427 0.034665
0 0.750927 0.344219 0.017941 0.017029
0 0.747278 0.359728 0.006994 0.066290
0 0.771757 0.488506 0.007906 0.071459
0 0.779359 0.423432 0.009122 0.027671
0 0.795931 0.397129 0.010643 0.156298
0 0.800797 0.481816 0.017941 0.069634
0 0.789698 0.494435 0.009731 0.045004
0 0.805510 0.495500 0.011555 0.046524
0 0.807030 0.340570 0.013988 0.035273
0 0.816913 0.345436 0.008210 0.058384
0 0.810679 0.429818 0.010947 0.028888
0 0.819346 0.407012 0.013075 0.154777
0 0.828316 0.343459 0.007298 0.049565
0 0.831205 0.404884 0.007602 0.027671
0 0.840023 0.387247 0.021590 0.029496
0 0.836830 0.451104 0.009122 0.050173
0 0.840479 0.389375 0.008514 0.054430
0 0.830293 0.497628 0.010643 0.031320
0 0.843368 0.455969 0.006994 0.063553
0 0.858185 0.480600 0.042488 0.066538
0 0.869609 0.468575 0.009219 0.092993
0 0.862795 0.461760 0.009219 0.101812
0 0.881634 0.464165 0.007616 0.037678
0 0.897667 0.491422 0.020443 0.056117
0 0.897066 0.476391 0.008818 0.015633
0 0.925525 0.543531 0.007215 0.023248
0 0.909893 0.557560 0.008818 0.036877
0 0.895062 0.566578 0.013628 0.022046
0 0.884440 0.561568 0.030063 0.044893
0 0.875421 0.556357 0.013628 0.042488
0 0.886243 0.550345 0.018438 0.023248
0 0.850168 0.567981 0.015232 0.034472
0 0.853776 0.551748 0.011223 0.026054
0 0.837342 0.566979 0.016835 0.025253
0 0.835738 0.551347 0.008017 0.024451
0 0.823312 0.572591 0.007215 0.024451
0 0.823914 0.547940 0.010021 0.021645
0 0.816899 0.556758 0.009620 0.041687
0 0.806678 0.556558 0.009219 0.041286
0 0.798060 0.563372 0.010422 0.026054
0 0.785233 0.563572 0.016835 0.028058
0 0.779221 0.558963 0.020843 0.042889
0 0.769200 0.556958 0.021645 0.039683
0 0.738336 0.558762 0.010422 0.047298
0 0.717292 0.559764 0.008418 0.040484
0 0.724507 0.570787 0.008418 0.023248
0 0.702261 0.574194 0.007215 0.014029
0 0.666586 0.557560 0.009620 0.044092
0 0.695647 0.566378 0.006814 0.033670
0 0.682620 0.558762 0.016835 0.044893
0 0.657768 0.560766 0.012827 0.042488
0 0.648148 0.557961 0.009620 0.040083
0 0.642336 0.556958 0.011624 0.030864
0 0.629710 0.561768 0.020843 0.035674
0 0.616304 0.555556 0.005226 0.021556
0 0.610752 0.550983 0.005879 0.033967
0 0.581194 0.559638 0.009472 0.037560
0 0.473088 0.570906 0.010778 0.030701
0 0.513913 0.564374 0.009472 0.041152
0 0.493501 0.555066 0.009145 0.023842
0 0.500686 0.572539 0.011105 0.015024
0 0.487295 0.574662 0.009798 0.015350
0 0.448756 0.568946 0.020250 0.029394
0 0.457574 0.565844 0.007839 0.036253
0 0.393723 0.568130 0.012738 0.031681
0 0.418055 0.563557 0.012411 0.037560
0 0.316644 0.563231 0.006206 0.031028
0 0.377392 0.543798 0.009472 0.015677
0 0.369554 0.568620 0.005552 0.026782
0 0.338363 0.548207 0.015677 0.010125
0 0.353224 0.559965 0.014044 0.017963
0 0.283003 0.568456 0.008818 0.036253
0 0.298027 0.580378 0.014697 0.009798
0 0.299007 0.569600 0.017310 0.010451
0 0.308642 0.542491 0.007185 0.026128
0 0.250506 0.561924 0.007185 0.036253
0 0.269123 0.574989 0.007839 0.020576
0 0.523548 0.563067 0.009145 0.038539
0 0.556862 0.558168 0.013064 0.028741
0 0.544778 0.563721 0.011105 0.028088
0 0.594585 0.563557 0.009472 0.037560
0 0.406297 0.566334 0.005879 0.042459
0 0.236626 0.563272 0.008818 0.040417
0 0.220091 0.569518 0.011023 0.035273
0 0.197310 0.554821 0.009553 0.026455
0 0.188492 0.563639 0.011023 0.045561
0 0.176734 0.563639 0.011023 0.045561