0 0.090719 0.475226 0.006743 0.023635
0 0.086294 0.475226 0.003793 0.017726
0 0.103598 0.491870 0.004993 0.070471
0 0.103242 0.466752 0.019971 0.018808
0 0.109185 0.486275 0.005230 0.034521
0 0.112989 0.502702 0.007132 0.057853
0 0.120241 0.480799 0.004993 0.050235
0 0.119765 0.533295 0.012601 0.044759
0 0.123688 0.545199 0.004279 0.061900
0 0.128681 0.513059 0.008559 0.109516
0 0.134862 0.485918 0.009034 0.054758
0 0.138191 0.539247 0.012363 0.132371
0 0.153644 0.486751 0.013314 0.056901
0 0.153882 0.525796 0.011887 0.070709
0 0.168147 0.508416 0.016642 0.087375
0 0.178013 0.494012 0.010699 0.058567
0 0.183244 0.514487 0.008321 0.036188
0 0.165650 0.576864 0.011174 0.032379
0 0.167362 0.620639 0.014571 0.075607
0 0.191072 0.521953 0.012716 0.090994
0 0.178356 0.566388 0.008477 0.050405
0 0.184582 0.616527 0.011391 0.063669
0 0.178224 0.659239 0.008742 0.015387
0 0.206967 0.468232 0.014835 0.013264
0 0.203921 0.494761 0.011921 0.040324
0 0.212928 0.519034 0.008742 0.051200
0 0.205378 0.553522 0.010067 0.077729
0 0.191735 0.597427 0.009272 0.054119
0 0.198490 0.647566 0.009007 0.030243
0 0.190807 0.674360 0.023313 0.015917
0 0.202729 0.679533 0.009007 0.026794
0 0.221140 0.504974 0.007683 0.084096
0 0.212001 0.628731 0.012186 0.061016
0 0.209881 0.612681 0.007418 0.054914
0 0.214385 0.666534 0.009537 0.056506
0 0.225644 0.480435 0.006623 0.016978
0 0.229618 0.488394 0.009802 0.054119
0 0.234254 0.503913 0.006358 0.086218
0 0.240877 0.484016 0.007418 0.041650
0 0.244586 0.494761 0.014306 0.055710
0 0.226041 0.569041 0.007948 0.063669
0 0.225909 0.671309 0.008742 0.046956
0 0.254123 0.553787 0.009007 0.057567
0 0.229353 0.634832 0.005563 0.012734
0 0.235976 0.611487 0.010332 0.083831
0 0.239420 0.681921 0.006093 0.018305
0 0.244983 0.624353 0.013511 0.043242
0 0.250149 0.669054 0.010597 0.036079
0 0.261276 0.653535 0.011127 0.078260
0 0.246175 0.544767 0.011127 0.044834
0 0.260878 0.489720 0.018809 0.046160
0 0.274124 0.498740 0.012451 0.081708
0 0.288960 0.523014 0.019869 0.097360
0 0.263660 0.560684 0.010597 0.089932
0 0.277965 0.571429 0.011127 0.058894
0 0.279290 0.652209 0.011656 0.083035
0 0.290284 0.651015 0.011921 0.084361
0 0.309491 0.602732 0.012716 0.112482
0 0.324723 0.508556 0.008742 0.092320
0 0.318763 0.542512 0.009537 0.167661
0 0.326975 0.640934 0.011127 0.025998
0 0.315716 0.671840 0.008212 0.026263
0 0.330419 0.607375 0.009007 0.036875
0 0.334790 0.525136 0.010332 0.119114
0 0.351083 0.570765 0.014306 0.069771
0 0.346977 0.496352 0.009802 0.074280
0 0.376383 0.493434 0.017220 0.057833
0 0.368170 0.564133 0.008742 0.110094
0 0.359693 0.593049 0.009802 0.038467
0 0.352143 0.626874 0.021193 0.036610
0 0.342076 0.626874 0.007418 0.040854
0 0.350023 0.662820 0.011656 0.016183
0 0.365124 0.674360 0.007948 0.049343
0 0.356779 0.496883 0.009272 0.073750
0 0.393735 0.640669 0.006358 0.035548
0 0.379164 0.592121 0.010067 0.065261
0 0.373733 0.656188 0.010332 0.067648
0 0.397311 0.513065 0.008212 0.065261
0 0.403139 0.580183 0.010862 0.121502
0 0.396251 0.476323 0.045831 0.039528
0 0.398238 0.467303 0.018544 0.017244
0 0.429234 0.501658 0.014306 0.076933
0 0.419432 0.510810 0.012716 0.098952
0 0.413339 0.676880 0.005828 0.035814
0 0.424200 0.627802 0.009537 0.113808
0 0.410292 0.611089 0.015100 0.093646
0 0.434267 0.647168 0.012716 0.089402
0 0.435989 0.535747 0.014041 0.046425
0 0.436784 0.567582 0.011921 0.061281
0 0.457845 0.513331 0.008477 0.089136
0 0.451752 0.552858 0.011656 0.179334
0 0.464468 0.489853 0.004239 0.054384
0 0.470296 0.555511 0.007948 0.077994
0 0.462746 0.611885 0.007683 0.059159
0 0.455726 0.665208 0.006888 0.031039
0 0.474800 0.670911 0.006888 0.011673
0 0.481158 0.499138 0.006888 0.077729
0 0.488046 0.503780 0.005828 0.076933
0 0.492814 0.587876 0.009537 0.068975
0 0.497185 0.486537 0.007683 0.046691
0 0.505663 0.538666 0.008212 0.097891
0 0.514670 0.530309 0.008212 0.115665
0 0.530300 0.571694 0.007153 0.027059
0 0.538248 0.511076 0.008742 0.092055
0 0.546460 0.564664 0.016690 0.098422
0 0.539307 0.661626 0.012981 0.061547
0 0.547785 0.654463 0.007153 0.033957
0 0.555865 0.638016 0.009537 0.076933
0 0.563680 0.671707 0.012451 0.042977
0 0.555467 0.479109 0.028346 0.030243
0 0.573482 0.529911 0.010332 0.068179
0 0.577191 0.646770 0.007683 0.074280
0 0.587522 0.657912 0.012981 0.019631
0 0.496523 0.677941 0.007418 0.020958
0 0.524339 0.648362 0.012716 0.072158
0 0.601828 0.493699 0.010332 0.056771
0 0.592688 0.513065 0.010597 0.056771
0 0.605272 0.627139 0.007683 0.050405
0 0.613219 0.612018 0.007153 0.038201
0 0.599046 0.642658 0.008477 0.098422
0 0.629777 0.523942 0.006358 0.103993
0 0.629644 0.637618 0.005033 0.050139
0 0.622492 0.673564 0.006623 0.054119
0 0.616663 0.667065 0.006623 0.013530
0 0.633486 0.675819 0.005298 0.018835
0 0.620240 0.518238 0.008477 0.048017
0 0.601563 0.554450 0.007683 0.063138
0 0.637989 0.646240 0.006888 0.040854
0 0.660110 0.484680 0.014571 0.045099
0 0.654282 0.575408 0.011391 0.129460
0 0.666733 0.532962 0.014571 0.094442
0 0.674813 0.640801 0.011127 0.024672
0 0.683489 0.680329 0.006226 0.015121
0 0.649911 0.665606 0.006358 0.061547
0 0.641831 0.672901 0.007683 0.022019
0 0.606994 0.548747 0.007418 0.086749
0 0.676737 0.503714 0.011848 0.078923
0 0.683264 0.519963 0.014094 0.084680
0 0.688271 0.563045 0.009272 0.173816
0 0.705331 0.518849 0.016690 0.109192
0 0.702179 0.600743 0.011127 0.027112
0 0.727770 0.646240 0.017803 0.092108
0 0.726843 0.493036 0.015948 0.059796
0 0.716829 0.588301 0.011497 0.096565
0 0.700881 0.647539 0.011497 0.057567
0 0.669356 0.674095 0.021140 0.040111
0 0.742791 0.654782 0.013723 0.078737
0 0.751878 0.650882 0.010385 0.060539
0 0.762262 0.647725 0.012610 0.107707
0 0.740936 0.496193 0.009272 0.066110
0 0.758368 0.530919 0.019657 0.118477
0 0.773760 0.531662 0.011868 0.135562
0 0.776356 0.633983 0.013352 0.050511
0 0.772647 0.655525 0.012610 0.025255
0 0.784701 0.645682 0.006305 0.027855
0 0.790079 0.636026 0.004451 0.022656
0 0.796198 0.606871 0.007047 0.037883
0 0.786741 0.594986 0.014094 0.023027
0 0.788039 0.493408 0.015206 0.059053
0 0.803987 0.505107 0.010014 0.082451
0 0.796755 0.676323 0.014094 0.047539
0 0.793231 0.543733 0.018173 0.044568
0 0.807140 0.633055 0.006676 0.034540
0 0.814372 0.605385 0.012239 0.054225
0 0.821975 0.660167 0.013352 0.086537
0 0.835512 0.536862 0.018915 0.137790
0 0.838850 0.645125 0.007789 0.023770
0 0.861474 0.471495 0.010014 0.017456
0 0.858878 0.510864 0.007047 0.045682
0 0.851275 0.567688 0.014094 0.111049
0 0.860732 0.587558 0.011497 0.064624
0 0.864812 0.628412 0.018915 0.054968
0 0.853500 0.678180 0.014094 0.040111
0 0.843115 0.673166 0.014094 0.047168
0 0.883913 0.646240 0.011868 0.042340
0 0.874641 0.551161 0.020770 0.112906
0 0.893000 0.506407 0.011497 0.082080
0 0.878720 0.507149 0.014094 0.079851
0 0.910802 0.600929 0.010756 0.144104
0 0.925637 0.549675 0.007047 0.032683
0 0.945851 0.613370 0.008159 0.073909
0 0.953454 0.628969 0.012981 0.049396
0 0.924339 0.669266 0.005934 0.024513
0 0.927121 0.656267 0.013723 0.043825
0 0.933611 0.651625 0.011868 0.015227
0 0.938618 0.613928 0.006305 0.054225
0 0.932684 0.606500 0.004822 0.047539
0 0.927677 0.603528 0.008901 0.035655
0 0.948632 0.678366 0.006305 0.035283
0 0.944553 0.663138 0.009272 0.030084
0 0.964210 0.647354 0.006305 0.031198
0 0.966064 0.680037 0.007047 0.023027
0 0.955494 0.683194 0.005934 0.022656
0 0.908948 0.690065 0.007789 0.030455
0 0.879462 0.680037 0.009643 0.017084
0 0.780065 0.690065 0.011868 0.023770
0 0.477422 0.686165 0.005934 0.014485
0 0.929161 0.689322 0.006676 0.027484
0 0.711266 0.684865 0.007789 0.028969
0 0.890589 0.606500 0.010385 0.045311
0 0.623922 0.610771 0.008159 0.049396