0 0.002804 0.261075 0.005608 0.131849
0 0.001870 0.504206 0.003739 0.086493
0 0.005208 0.418767 0.004541 0.103370
0 0.009882 0.849124 0.006410 0.257370
0 0.007746 0.547980 0.005876 0.095986
0 0.016693 0.588589 0.007746 0.156110
0 0.023104 0.889733 0.006677 0.121301
0 0.025107 0.605993 0.009615 0.150836
0 0.027911 0.295884 0.005609 0.216233
0 0.025775 0.063829 0.006677 0.112863
0 0.035256 0.347569 0.006410 0.273192
0 0.039129 0.386596 0.006143 0.319603
0 0.048210 0.130281 0.007212 0.138178
0 0.045673 0.619706 0.018697 0.739411
0 0.049546 0.810096 0.008814 0.331206
0 0.068243 0.160870 0.007212 0.136069
0 0.066506 0.807480 0.004808 0.385040
0 0.059028 0.727295 0.005876 0.254206
0 0.078926 0.073849 0.007212 0.084384
0 0.060764 0.116568 0.006677 0.157164
0 0.083868 0.551144 0.009081 0.167712
0 0.075454 0.532158 0.006143 0.148726
0 0.070780 0.822754 0.006410 0.348082
0 0.077858 0.815898 0.007212 0.254206
0 0.096688 0.558528 0.011218 0.205685
0 0.102431 0.603884 0.007212 0.142397
0 0.106437 0.320144 0.010417 0.235219
0 0.114450 0.758939 0.012553 0.479932
0 0.114850 0.217829 0.008013 0.425082
0 0.121928 0.239979 0.007746 0.334370
0 0.131277 0.279534 0.009882 0.392384
0 0.136218 0.481528 0.008547 0.275301
0 0.132479 0.732041 0.009081 0.168767
0 0.145700 0.041678 0.007212 0.079110
0 0.133146 0.017945 0.018429 0.027425
0 0.134615 0.051171 0.009615 0.039027
0 0.148905 0.528466 0.010417 0.137123
0 0.170406 0.693541 0.006944 0.121301
0 0.154781 0.792165 0.008280 0.105480
0 0.154113 0.878130 0.005342 0.068562
0 0.133413 0.887096 0.007746 0.124466
0 0.124199 0.803767 0.008547 0.147671
0 0.142895 0.979918 0.011752 0.031644
0 0.178419 0.871274 0.006944 0.084384
0 0.179882 0.347636 0.012310 0.377892
0 0.192135 0.351153 0.011718 0.366116
0 0.177661 0.330738 0.035498 0.172850
0 0.189464 0.473305 0.006376 0.113646
0 0.203767 0.398789 0.010856 0.270844
0 0.214795 0.600561 0.005687 0.168087
0 0.208419 0.602943 0.007065 0.136103
0 0.195496 0.862559 0.007065 0.115007
0 0.204198 0.762183 0.020334 0.304870
0 0.216513 0.438416 0.009014 0.148990
0 0.221187 0.811550 0.013021 0.246558
0 0.250067 0.565651 0.017361 0.168767
0 0.271267 0.655968 0.011685 0.170086
0 0.265258 0.806935 0.016360 0.176678
0 0.239216 0.690908 0.017695 0.076473
0 0.301371 0.413143 0.008606 0.191035
0 0.292171 0.556126 0.008606 0.158219
0 0.281784 0.170540 0.008013 0.176971
0 0.276146 0.463539 0.009793 0.123059
0 0.317248 0.215662 0.014245 0.325814
0 0.319177 0.637580 0.007419 0.300031
0 0.313835 0.839163 0.008606 0.138295
0 0.328526 0.573706 0.011871 0.404338
0 0.350783 0.264300 0.009497 0.294171
0 0.359093 0.612382 0.013651 0.247291
0 0.351971 0.743646 0.014245 0.390274
0 0.331642 0.898935 0.007419 0.082040
0 0.340100 0.897177 0.014839 0.200411
0 0.362358 0.340479 0.011871 0.198067
0 0.348558 0.078539 0.034722 0.142983
0 0.348854 0.039277 0.012761 0.050396
0 0.371854 0.293600 0.007123 0.184003
0 0.384319 0.743646 0.011277 0.148843
0 0.385802 0.049825 0.018400 0.073836
0 0.378977 0.059787 0.012464 0.044536
0 0.412512 0.193980 0.007123 0.123059
0 0.412809 0.441857 0.006529 0.060944
0 0.412957 0.318212 0.009793 0.108995
0 0.409247 0.056857 0.007716 0.101964
0 0.401680 0.241446 0.012168 0.234399
0 0.384615 0.189292 0.018400 0.130091
0 0.395002 0.885594 0.010090 0.228812
0 0.418002 0.941713 0.010387 0.108995
0 0.405093 0.599490 0.010684 0.214475
0 0.407170 0.868014 0.010684 0.263972
0 0.467711 0.389703 0.008903 0.132435
0 0.470085 0.677428 0.010684 0.297687
0 0.466673 0.912999 0.012761 0.157047
0 0.456879 0.941127 0.012168 0.075008
0 0.442041 0.799315 0.012761 0.295343
0 0.424976 0.794041 0.011277 0.151187
0 0.422305 0.765327 0.016026 0.222679
0 0.421267 0.060959 0.013948 0.049224
0 0.427202 0.043965 0.012761 0.036332
0 0.521130 0.734270 0.009497 0.146499
0 0.510150 0.879597 0.007716 0.130091
0 0.522911 0.183432 0.007716 0.066804
0 0.533891 0.265472 0.010090 0.418402
0 0.519646 0.341651 0.009497 0.179315
0 0.488930 0.931751 0.007419 0.107823
0 0.495459 0.880183 0.009793 0.098448
0 0.539975 0.240860 0.026413 0.467626
0 0.553330 0.536203 0.007419 0.094932
0 0.543388 0.594802 0.033832 0.233227
0 0.546652 0.628204 0.010684 0.241431
0 0.541014 0.870221 0.009497 0.251979
0 0.548581 0.881941 0.007419 0.130091
0 0.558078 0.886629 0.013355 0.214475
0 0.566017 0.513356 0.006677 0.119543
0 0.565126 0.691792 0.010239 0.145913
0 0.570468 0.114292 0.010239 0.091416
0 0.576923 0.530936 0.012464 0.576621
0 0.597697 0.559056 0.010684 0.440670
0 0.590723 0.893661 0.010387 0.193379
0 0.604374 0.792420 0.010981 0.415160
0 0.622923 0.787009 0.008310 0.202755
0 0.612981 0.590114 0.012168 0.500442
0 0.626781 0.599490 0.018400 0.191035
0 0.616839 0.222694 0.015729 0.281279
0 0.601555 0.171712 0.012464 0.148843
0 0.626781 0.482877 0.007716 0.063288
0 0.637761 0.833889 0.009497 0.106651
0 0.627374 0.123661 0.014839 0.176971
0 0.631677 0.359231 0.010387 0.235571
0 0.642064 0.045137 0.010981 0.080868
0 0.642955 0.267230 0.016916 0.307063
0 0.643845 0.583082 0.010387 0.296515
0 0.678864 0.784665 0.006826 0.113683
0 0.661354 0.704970 0.013948 0.369178
0 0.654974 0.123075 0.010684 0.138295
0 0.685096 0.049825 0.010387 0.099620
0 0.693406 0.073265 0.011574 0.137123
0 0.703496 0.024041 0.010387 0.041020
0 0.696522 0.495769 0.010090 0.173455
0 0.697115 0.677428 0.014839 0.121887
0 0.691180 0.712002 0.008310 0.057428
0 0.711064 0.472329 0.008903 0.077352
0 0.719076 0.529171 0.008310 0.235571
0 0.712251 0.788767 0.009497 0.100792
0 0.737921 0.570776 0.012168 0.173455
0 0.735844 0.233828 0.009793 0.162907
0 0.740296 0.779977 0.010981 0.169939
0 0.724418 0.749506 0.010684 0.151187
0 0.731689 0.873737 0.015729 0.242603
0 0.716257 0.944057 0.012168 0.080868
0 0.779672 0.361532 0.009227 0.550411
0 0.791084 0.703861 0.014569 0.230137
0 0.816094 0.632902 0.012141 0.195617
0 0.825806 0.893163 0.017968 0.213674
0 0.833819 0.900436 0.010684 0.090137
0 0.841346 0.903313 0.007284 0.122740
0 0.842317 0.758518 0.008256 0.097808
0 0.852758 0.857285 0.007770 0.099726
0 0.847416 0.947422 0.008741 0.092055
0 0.767774 0.396052 0.012626 0.592603
0 0.714598 0.283860 0.013112 0.141918
0 0.717026 0.105504 0.016026 0.199452
0 0.809538 0.308792 0.011655 0.180274
0 0.828720 0.499614 0.012141 0.270411
0 0.830905 0.280025 0.012626 0.107397
0 0.845474 0.118929 0.022339 0.138082
0 0.871941 0.100710 0.024767 0.193699
0 0.880925 0.370162 0.008741 0.088219
0 0.888452 0.442080 0.010198 0.262740
0 0.888695 0.722080 0.015540 0.301096
0 0.909819 0.174545 0.011169 0.249315
0 0.920017 0.219614 0.018939 0.393151
0 0.937986 0.547559 0.017968 0.285754
0 0.909334 0.664546 0.016997 0.427671
0 0.956197 0.184134 0.012626 0.318356
0 0.960324 0.678929 0.014083 0.456439
0 0.937257 0.914820 0.016511 0.118904
0 0.964452 0.951656 0.008741 0.096687
0 0.936286 0.923450 0.010684 0.151507
0 0.962995 0.749888 0.009713 0.080548
0 0.975864 0.306874 0.011169 0.506302
0 0.986305 0.360573 0.016511 0.640548
0 0.995095 0.837148 0.009810 0.289589
0 0.973679 0.803587 0.012626 0.310685