0 0.036639 0.312525 0.017523 0.071485
0 0.057995 0.294205 0.007467 0.050777
0 0.068698 0.306651 0.011947 0.035842
0 0.064715 0.350956 0.020908 0.046794
0 0.073427 0.395261 0.008463 0.025886
0 0.062475 0.377340 0.008463 0.030864
0 0.124950 0.295450 0.009956 0.035344
0 0.093837 0.279769 0.007467 0.040820
0 0.128186 0.343489 0.007467 0.034847
0 0.225644 0.254154 0.013034 0.096123
0 0.187357 0.305270 0.032584 0.136445
0 0.197336 0.431533 0.019958 0.090013
0 0.252322 0.479594 0.014255 0.029733
0 0.289386 0.454953 0.010997 0.021994
0 0.192652 0.510956 0.017107 0.059873
0 0.121986 0.430718 0.019143 0.045210
0 0.109360 0.381435 0.005295 0.022401
0 0.224218 0.328690 0.010997 0.033399
0 0.179822 0.355165 0.010182 0.086347
0 0.191838 0.364329 0.014663 0.062317
0 0.179619 0.428886 0.011404 0.054578
0 0.226458 0.462895 0.014663 0.036250
0 0.284824 0.529027 0.009205 0.035734
0 0.260468 0.546391 0.006924 0.012626
0 0.225033 0.508513 0.028918 0.027289
0 0.247841 0.507494 0.010997 0.022809
0 0.260264 0.506272 0.015477 0.024438
0 0.286022 0.234229 0.012186 0.110036
0 0.242473 0.279211 0.016846 0.164158
0 0.260215 0.275448 0.015771 0.128674
0 0.272043 0.290860 0.008602 0.050538
0 0.316846 0.235842 0.007168 0.048746
0 0.296237 0.334050 0.011828 0.154122
0 0.324552 0.396774 0.011111 0.052330
0 0.310215 0.393190 0.007527 0.021505
0 0.317025 0.397133 0.007527 0.030824
0 0.430466 0.265412 0.020789 0.170968
0 0.322043 0.303943 0.006093 0.087455
0 0.307885 0.298566 0.017921 0.026523
0 0.340143 0.226344 0.007168 0.040502
0 0.346416 0.232079 0.005376 0.027599
0 0.383871 0.244624 0.008602 0.064158
0 0.410394 0.222043 0.026523 0.189606
0 0.411828 0.152509 0.012903 0.061290
0 0.406810 0.200717 0.007885 0.039427
0 0.402151 0.193548 0.007168 0.023656
0 0.383513 0.372939 0.007168 0.079211
0 0.371505 0.389785 0.006093 0.021864
0 0.394265 0.369534 0.013620 0.045878
0 0.409677 0.452867 0.007885 0.039785
0 0.392832 0.408961 0.005735 0.037276
0 0.426882 0.456093 0.005735 0.022581
0 0.432616 0.443548 0.007885 0.032616
0 0.445161 0.450179 0.008602 0.024373
0 0.466308 0.456093 0.006452 0.026882
0 0.324194 0.197312 0.007527 0.032616
0 0.316487 0.187097 0.010036 0.053763
0 0.300896 0.182437 0.008961 0.030108
0 0.308065 0.209319 0.008244 0.017921
0 0.353644 0.185335 0.007168 0.068996
0 0.373059 0.232676 0.009558 0.097372
0 0.361858 0.216398 0.011649 0.123955
0 0.352897 0.266577 0.005078 0.024791
0 0.334379 0.311081 0.015233 0.069594
0 0.343041 0.305108 0.017622 0.105436
0 0.366189 0.305854 0.015532 0.016726
0 0.360066 0.322581 0.018817 0.023297
0 0.361260 0.365442 0.012843 0.061231
0 0.351553 0.408303 0.007168 0.032258
0 0.363949 0.481033 0.006870 0.027180
0 0.354092 0.502987 0.013441 0.061529
0 0.341249 0.465950 0.020012 0.063919
0 0.330944 0.421595 0.008363 0.024194
0 0.339606 0.420699 0.010753 0.026583
0 0.338710 0.453106 0.008961 0.035842
0 0.396804 0.460275 0.008065 0.037634
0 0.388142 0.457885 0.005675 0.016129
0 0.364098 0.466249 0.026882 0.059737
0 0.295550 0.535245 0.004480 0.028076
0 0.413530 0.534050 0.011649 0.051374
0 0.404271 0.531511 0.006272 0.027180
0 0.438919 0.533602 0.006272 0.021207
0 0.330346 0.529869 0.007168 0.035245
0 0.351852 0.523596 0.017324 0.047790
0 0.363351 0.527330 0.006272 0.030765
0 0.379480 0.540920 0.015233 0.043608
0 0.373357 0.523148 0.020908 0.039725
0 0.396505 0.509259 0.004480 0.032258
0 0.392025 0.519713 0.008065 0.033453
0 0.488053 0.147551 0.024492 0.086022
0 0.472372 0.188321 0.020609 0.165173
0 0.496251 0.237605 0.008253 0.091099
0 0.515623 0.175900 0.021427 0.127396
0 0.537829 0.121552 0.012077 0.036621
0 0.536271 0.173757 0.009740 0.064672
0 0.582827 0.157979 0.021817 0.114150
0 0.565490 0.139473 0.015194 0.081035
0 0.567243 0.172588 0.040517 0.102073
0 0.553023 0.223430 0.011298 0.061945
0 0.566834 0.265109 0.009579 0.064887
0 0.576721 0.244871 0.010197 0.041713
0 0.656594 0.249815 0.008034 0.070758
0 0.598968 0.213818 0.006489 0.027191
0 0.624459 0.225096 0.008652 0.048511
0 0.605766 0.235910 0.009579 0.052836
0 0.683480 0.139725 0.009279 0.098130
0 0.688728 0.211346 0.016067 0.100111
0 0.621524 0.162835 0.004635 0.046348
0 0.608400 0.125793 0.003676 0.049858
0 0.613799 0.145782 0.008501 0.086619
0 0.526041 0.329703 0.006681 0.030328
0 0.484814 0.240167 0.017921 0.084182
0 0.477268 0.331305 0.007074 0.021222
0 0.461587 0.336375 0.005895 0.011554
0 0.480923 0.395091 0.007310 0.020043
0 0.485757 0.364436 0.013205 0.015799
0 0.483871 0.373632 0.015563 0.016742
0 0.493893 0.405584 0.008725 0.034899
0 0.454513 0.404523 0.009668 0.033720
0 0.433998 0.399335 0.005895 0.026174
0 0.429046 0.397095 0.004952 0.020279
0 0.411125 0.393794 0.011554 0.059423
0 0.596438 0.545755 0.010081 0.036402
0 0.569556 0.518313 0.007841 0.017361
0 0.247536 0.642081 0.021281 0.076725
0 0.332661 0.643201 0.012321 0.056564
0 0.211974 0.630040 0.015121 0.086246
0 0.515731 0.631057 0.021904 0.081309
0 0.477399 0.630891 0.016926 0.085623
0 0.452011 0.634873 0.019249 0.078986
0 0.430605 0.630725 0.015598 0.067370
0 0.407042 0.626576 0.028873 0.069030
0 0.638524 0.114330 0.007965 0.034847
0 0.645425 0.122154 0.008433 0.029781
0 0.660579 0.158128 0.005007 0.027936
0 0.667958 0.132827 0.009751 0.020030
0 0.654122 0.108581 0.009488 0.029517
0 0.665454 0.097644 0.004217 0.008697
0 0.630342 0.134638 0.007123 0.019300
0 0.647574 0.160371 0.019989 0.041816
0 0.651799 0.200617 0.015266 0.024890
0 0.671379 0.216879 0.007965 0.075999
0 0.663580 0.223848 0.008961 0.075999
0 0.721758 0.201547 0.007434 0.024359
0 0.698759 0.178714 0.013607 0.156312
0 0.704733 0.304991 0.012279 0.062392
0 0.671545 0.289227 0.009624 0.054759
0 0.679510 0.277114 0.012279 0.026550
0 0.757832 0.227665 0.012943 0.088278
0 0.778973 0.241637 0.017921 0.087814
0 0.731481 0.102151 0.008961 0.031063
0 0.745520 0.156213 0.010753 0.030466
0 0.723118 0.114994 0.007766 0.047192
0 0.712366 0.165173 0.011350 0.029271
0 0.746117 0.112306 0.016726 0.015532
0 0.756571 0.128734 0.011350 0.019713
0 0.832139 0.392473 0.029869 0.047790
0 0.838411 0.381123 0.013740 0.026284
0 0.851254 0.477599 0.009558 0.042413
0 0.869773 0.516428 0.013142 0.041219
0 0.862306 0.454301 0.014934 0.080645
0 0.884110 0.525687 0.013142 0.054958
0 0.922640 0.619474 0.011350 0.052569
0 0.731855 0.291219 0.013889 0.047491
0 0.747536 0.267249 0.010305 0.074821
0 0.740367 0.192876 0.011201 0.034498
0 0.788530 0.331765 0.013441 0.058692
0 0.804211 0.297715 0.013441 0.087366
0 0.816980 0.331541 0.015681 0.019713
0 0.816084 0.359543 0.023746 0.032706
0 0.811604 0.373432 0.014785 0.038978
0 0.763217 0.386873 0.010305 0.030914
0 0.742832 0.383513 0.024194 0.069892
0 0.777106 0.355287 0.010305 0.076165
0 0.675851 0.464606 0.012097 0.051075
0 0.583109 0.433244 0.012097 0.104839
0 0.637097 0.468414 0.011649 0.024642
0 0.741773 0.417400 0.019387 0.067775
0 0.533154 0.253340 0.009775 0.029326
0 0.513604 0.256802 0.005702 0.031362
0 0.620520 0.350684 0.009368 0.039101
0 0.628869 0.305270 0.009775 0.026474
0 0.548224 0.292644 0.008961 0.030547
0 0.559629 0.324413 0.010590 0.027289
0 0.493035 0.310973 0.009368 0.046025
0 0.525212 0.282462 0.009368 0.030547
0 0.780995 0.452509 0.008553 0.017921
0 0.788327 0.475318 0.015885 0.050505
0 0.745764 0.512789 0.008961 0.027696
0 0.745968 0.459840 0.009368 0.023623
0 0.784457 0.516251 0.008146 0.059058
0 0.612985 0.469005 0.013034 0.054985
0 0.698721 0.534783 0.010182 0.061095
0 0.500978 0.440494 0.008961 0.024031
0 0.470430 0.537431 0.006517 0.044396
0 0.488148 0.541504 0.010182 0.046839
0 0.430922 0.522157 0.011404 0.043988
0 0.456378 0.520324 0.008553 0.054171
0 0.451694 0.535802 0.005702 0.021587
0 0.507291 0.519917 0.008553 0.030547
0 0.500774 0.511771 0.018328 0.116895
0 0.531118 0.414223 0.009775 0.029326
0 0.551279 0.404244 0.009368 0.026474
0 0.563905 0.372271 0.014255 0.031769
0 0.548021 0.361274 0.011812 0.052134
0 0.609523 0.642107 0.015885 0.054171
0 0.624796 0.630906 0.016292 0.036657
0 0.676727 0.616243 0.009368 0.030955
0 0.806715 0.606420 0.010015 0.056399
0 0.804607 0.644898 0.010015 0.023719
0 0.797755 0.629085 0.013177 0.041640
0 0.712773 0.632535 0.008146 0.030955
0 0.695259 0.642717 0.012219 0.027696
0 0.673061 0.582845 0.010997 0.023623
0 0.749204 0.630725 0.014271 0.049449
0 0.782059 0.598035 0.007633 0.059073
0 0.775090 0.602350 0.008961 0.055755
0 0.771605 0.649310 0.010620 0.022235
0 0.715352 0.599695 0.004978 0.015930
0 0.768120 0.600192 0.010288 0.060069
0 0.962814 0.655914 0.013441 0.050179
0 0.957437 0.658154 0.015233 0.020609
0 0.886137 0.653802 0.008321 0.021121
0 0.823875 0.545102 0.017921 0.028873
0 0.823128 0.587913 0.011450 0.037834
0 0.850757 0.591398 0.013939 0.043807
0 0.878883 0.612804 0.011450 0.037834
0 0.891826 0.570241 0.009458 0.021406
0 0.094683 0.462366 0.012545 0.048984
0 0.040621 0.367085 0.016726 0.034050
0 0.058244 0.415173 0.012545 0.033453
0 0.287186 0.589158 0.018817 0.079749
0 0.289875 0.656362 0.011649 0.038530
0 0.276882 0.636201 0.010753 0.043011
0 0.690860 0.467742 0.012545 0.068100
0 0.709677 0.402330 0.012545 0.112903
0 0.732527 0.497760 0.015233 0.042115
0 0.769265 0.485663 0.013441 0.026882
0 0.582437 0.499104 0.012545 0.023297
0 0.596774 0.494624 0.012545 0.026882
0 0.588343 0.486111 0.008553 0.019958
0 0.489166 0.433977 0.008961 0.020772
0 0.672043 0.414834 0.008146 0.018328
0 0.661861 0.449251 0.010590 0.041544
0 0.571644 0.629480 0.009368 0.022401
0 0.556167 0.621334 0.010997 0.015885
0 0.584677 0.649438 0.010997 0.025660
0 0.560783 0.410195 0.010454 0.036838
0 0.569494 0.412933 0.009956 0.033353
0 0.302668 0.605834 0.007965 0.023895
0 0.306900 0.574472 0.013441 0.031860
0 0.153574 0.388789 0.009458 0.032855
0 0.162784 0.344484 0.013939 0.021904
0 0.125448 0.514237 0.008961 0.028873
0 0.136400 0.561031 0.006969 0.019912
0 0.148664 0.296106 0.012219 0.051320