0 0.095894 0.666359 0.028259 0.285714
0 0.135928 0.603687 0.034853 0.427650
0 0.162774 0.452535 0.030143 0.680184
0 0.181143 0.594931 0.032969 0.358525
0 0.225415 0.728571 0.014130 0.069124
0 0.275340 0.562212 0.036737 0.366820
0 0.323851 0.255760 0.018839 0.277419
0 0.313490 0.500000 0.016955 0.188940
0 0.317729 0.691244 0.021665 0.171429
0 0.338452 0.485714 0.029201 0.405530
0 0.394499 0.662673 0.037679 0.248848
0 0.432178 0.764977 0.026375 0.053456
0 0.451018 0.677419 0.015072 0.176959
0 0.540976 0.617051 0.036737 0.319816
0 0.571119 0.382949 0.031085 0.327189
0 0.587132 0.396774 0.029201 0.435945
0 0.702524 0.317512 0.033911 0.223963
0 0.835813 0.631336 0.019781 0.202765
0 0.884324 0.295853 0.048982 0.372350
0 0.590429 0.800922 0.109269 0.058986