0 0.061966 0.443125 0.019231 0.294583
0 0.089209 0.428542 0.020299 0.282917
0 0.119391 0.444583 0.015491 0.250833
0 0.152244 0.444583 0.027778 0.274167
0 0.179220 0.432917 0.013355 0.274167
0 0.204060 0.434375 0.014957 0.312083
0 0.229968 0.432917 0.024038 0.326667
0 0.261485 0.412500 0.020833 0.309167
0 0.277511 0.425625 0.009081 0.288750
0 0.298611 0.421250 0.013889 0.274167
0 0.314904 0.415417 0.017628 0.315000
0 0.339209 0.441667 0.017094 0.320833
0 0.361111 0.361458 0.016026 0.207083
0 0.360577 0.535000 0.025641 0.116667
0 0.396902 0.397917 0.025641 0.297500
0 0.436432 0.409583 0.017094 0.285833
0 0.466880 0.441667 0.014957 0.285833
0 0.485577 0.437292 0.012821 0.271250
0 0.503205 0.424167 0.016026 0.315000
0 0.521635 0.419792 0.012286 0.265417
0 0.534455 0.466458 0.016560 0.271250
0 0.548611 0.402292 0.010684 0.224583
0 0.563835 0.421250 0.018697 0.303333
0 0.610844 0.412500 0.028312 0.326667
0 0.653579 0.408125 0.030449 0.312083
0 0.685630 0.402292 0.016560 0.288750
0 0.703526 0.415417 0.016026 0.297500
0 0.727831 0.396458 0.014423 0.259583
0 0.746528 0.481042 0.017628 0.189583
0 0.767895 0.408125 0.021902 0.300417
0 0.785256 0.409583 0.016026 0.303333
0 0.803953 0.380417 0.016026 0.221667
0 0.839209 0.424167 0.023504 0.332500
0 0.858440 0.425625 0.037393 0.288750
0 0.889690 0.413958 0.015491 0.294583
0 0.906517 0.447500 0.019231 0.315000
0 0.924947 0.419792 0.014423 0.335417
0 0.940171 0.409583 0.011752 0.256667
0 0.950855 0.421250 0.017094 0.315000
0 0.966079 0.419792 0.014423 0.323750
0 0.983974 0.425625 0.017094 0.300417
0 0.012019 0.483958 0.014423 0.282917
0 0.028312 0.476667 0.018162 0.285833