0 0.097890 0.480501 0.022484 0.069638
0 0.127292 0.376509 0.022484 0.095636
0 0.161882 0.369081 0.022484 0.110492
0 0.297648 0.381616 0.020754 0.081708
0 0.322726 0.383008 0.022484 0.220056
0 0.200796 0.673630 0.017295 0.039926
0 0.340021 0.622563 0.025943 0.099350
0 0.449844 0.649025 0.027672 0.098422
0 0.373746 0.466110 0.024213 0.070566
0 0.405742 0.551532 0.022484 0.126277
0 0.478381 0.465645 0.022484 0.229341
0 0.505189 0.501857 0.031131 0.160631
0 0.531996 0.259053 0.029402 0.336119
0 0.557074 0.467967 0.031131 0.102136
0 0.557938 0.627669 0.025943 0.148561
0 0.597717 0.682451 0.019025 0.066852
0 0.627119 0.593779 0.029402 0.151346
0 0.648737 0.536676 0.034590 0.198700
0 0.675545 0.454503 0.025943 0.305478
0 0.655655 0.328227 0.020754 0.056639
0 0.703217 0.341226 0.025943 0.132776
0 0.691110 0.196379 0.022484 0.147632
0 0.757696 0.448468 0.027672 0.141133
0 0.817364 0.495357 0.032861 0.058496
0 0.936700 0.445218 0.025943 0.097493
0 0.921999 0.554782 0.020754 0.091922
0 0.977343 0.585887 0.024213 0.040854
0 0.817364 0.550139 0.032861 0.049211
0 0.259599 0.710771 0.027672 0.052925
0 0.644414 0.214949 0.039779 0.104921
0 0.651332 0.120706 0.029402 0.063138
0 0.578692 0.125348 0.057074 0.079851
0 0.578692 0.712163 0.029402 0.053853