0 0.952960 0.779541 0.017093 0.238095
0 0.948966 0.284592 0.011301 0.319064
0 0.934133 0.281786 0.015539 0.319865
0 0.894933 0.575597 0.013420 0.258137
0 0.927423 0.729117 0.013420 0.151515
0 0.877981 0.798862 0.009182 0.196409
0 0.866680 0.347924 0.019071 0.460157
0 0.848669 0.714687 0.012714 0.366362
0 0.815472 0.419673 0.012714 0.597242
0 0.829952 0.809684 0.009182 0.105820
0 0.820417 0.818102 0.009888 0.157928
0 0.728242 0.500241 0.013420 0.764791
0 0.702462 0.764791 0.012714 0.254930
0 0.686923 0.596841 0.012714 0.222062
0 0.665380 0.690236 0.016245 0.418470
0 0.698577 0.435305 0.016245 0.099407
0 0.644544 0.380792 0.015539 0.516274
0 0.631477 0.559163 0.012007 0.254129
0 0.633243 0.798060 0.012714 0.207632
0 0.640659 0.792047 0.012007 0.214847
0 0.607463 0.604457 0.012007 0.197210
0 0.597221 0.572391 0.012714 0.591631
0 0.561905 0.460959 0.016952 0.702261
0 0.572147 0.850970 0.016245 0.095398
0 0.535419 0.831730 0.014833 0.127465
0 0.512110 0.821709 0.017658 0.139490
0 0.477148 0.670996 0.009888 0.107423
0 0.491980 0.795655 0.011301 0.106622
0 0.481739 0.791647 0.019071 0.103415
0 0.345420 0.800064 0.016245 0.184384
0 0.381089 0.812089 0.016952 0.168350
0 0.086555 0.821709 0.015539 0.137887
0 0.454899 0.308241 0.020483 0.377585
0 0.449954 0.668992 0.010595 0.130672
0 0.459137 0.686197 0.012007 0.189132
0 0.495480 0.479921 0.032871 0.517569
0 0.433623 0.703432 0.016734 0.335097
0 0.412705 0.371388 0.019125 0.307285
0 0.386110 0.471103 0.019722 0.497219
0 0.347262 0.461267 0.013746 0.480260
0 0.329333 0.575227 0.016137 0.272690
0 0.296462 0.433795 0.013746 0.421245
0 0.292278 0.734975 0.018527 0.160765
0 0.280026 0.437186 0.014344 0.429385
0 0.236398 0.701058 0.019125 0.228599
0 0.278831 0.858432 0.017930 0.065798
0 0.210998 0.734636 0.031676 0.307964
0 0.181713 0.523335 0.011355 0.585402
0 0.170357 0.622032 0.008965 0.398860
0 0.141969 0.796025 0.009562 0.076652
0 0.154520 0.792972 0.008367 0.119387
0 0.026324 0.451431 0.010160 0.444309
0 0.025427 0.752612 0.019125 0.265229
0 0.238191 0.465676 0.019125 0.221815
0 0.942224 0.612875 0.026297 0.071225
0 0.906664 0.807217 0.025699 0.183150
0 0.246972 0.148297 0.011842 0.058244
0 0.242235 0.231631 0.011842 0.060036