0 0.021740 0.528759 0.015516 0.032253
0 0.024935 0.570542 0.016429 0.032742
0 0.030411 0.681963 0.021906 0.047403
0 0.068289 0.522651 0.020993 0.106045
0 0.081068 0.594488 0.041073 0.022968
0 0.087913 0.485999 0.018255 0.125593
0 0.105255 0.501637 0.029207 0.056199
0 0.108450 0.612325 0.019167 0.121194
0 0.160932 0.539999 0.021906 0.074280
0 0.127617 0.677564 0.013691 0.046425
0 0.139483 0.658261 0.015516 0.046914
0 0.131724 0.499927 0.032858 0.249230
0 0.135832 0.310561 0.019167 0.160778
0 0.174623 0.403411 0.025557 0.035674
0 0.152261 0.350144 0.019167 0.101158
0 0.159106 0.654107 0.029207 0.044471
0 0.177361 0.401456 0.032858 0.036652
0 0.171885 0.423447 0.018255 0.016127
0 0.192421 0.572741 0.019167 0.167131
0 0.347129 0.477936 0.023731 0.178859
0 0.231212 0.283438 0.047462 0.108488
0 0.371773 0.665592 0.020080 0.066461
0 0.309707 0.456678 0.029207 0.378732
0 0.272285 0.452524 0.036509 0.234570
0 0.280500 0.381909 0.012778 0.092362
0 0.285520 0.485999 0.015516 0.100181
0 0.270003 0.656307 0.022818 0.041050
0 0.238970 0.510922 0.019167 0.025900
0 0.238058 0.544397 0.017342 0.024434
0 0.245360 0.601818 0.015516 0.046425
0 0.209307 0.633827 0.010953 0.103602
0 0.218890 0.594976 0.020993 0.184235
0 0.242621 0.665592 0.020993 0.037140
0 0.416953 0.357474 0.017342 0.044471
0 0.431557 0.621121 0.017342 0.077213
0 0.443879 0.687094 0.029207 0.034208
0 0.456201 0.490642 0.019167 0.067439
0 0.449355 0.570053 0.012778 0.022968
0 0.423342 0.515565 0.019167 0.032253
0 0.425168 0.554171 0.017342 0.021502
0 0.463959 0.405121 0.018255 0.082099
0 0.489059 0.353076 0.010040 0.023946
0 0.511421 0.330894 0.016429 0.054627
0 0.489059 0.493574 0.020993 0.175927
0 0.541541 0.342325 0.025557 0.044471
0 0.536065 0.430044 0.021906 0.135855
0 0.515072 0.539510 0.012778 0.030299
0 0.505032 0.590089 0.016429 0.030787
0 0.521461 0.649221 0.020080 0.057176
0 0.537434 0.601085 0.031946 0.170063
0 0.574400 0.588379 0.043811 0.167131
0 0.574400 0.629673 0.018255 0.060108
0 0.562078 0.623809 0.010040 0.034697
0 0.620493 0.483800 0.042898 0.139764
0 0.443423 0.282950 0.026469 0.076235
0 0.493623 0.311049 0.017342 0.046425
0 0.535152 0.297366 0.029207 0.039584
0 0.508057 0.193977 0.020358 0.196601
0 0.539669 0.227484 0.017884 0.098654
0 0.522869 0.178157 0.015716 0.173514
0 0.582211 0.246054 0.115974 0.313370
0 0.633424 0.175981 0.035226 0.165680
0 0.670546 0.156395 0.021677 0.194986
0 0.684908 0.271733 0.017884 0.031627
0 0.702250 0.275215 0.013548 0.026985
0 0.699811 0.211525 0.058529 0.164229
0 0.652293 0.489206 0.035768 0.218199
0 0.719493 0.482242 0.011923 0.053389
0 0.752551 0.534471 0.062864 0.302925
0 0.601893 0.685933 0.058529 0.039461
0 0.627364 0.677809 0.027097 0.039461
0 0.916216 0.143628 0.075871 0.085306
0 0.790487 0.301474 0.023845 0.048166
0 0.808912 0.434656 0.028181 0.069638
0 0.799158 0.526346 0.021677 0.059192
0 0.839803 0.516771 0.029264 0.315111
0 0.858716 0.561257 0.024644 0.100181
0 0.881534 0.530958 0.024644 0.229194
0 0.934016 0.243122 0.031033 0.274153
0 0.888836 0.284416 0.064804 0.169086
0 0.973264 0.470361 0.021906 0.133412
0 0.964593 0.641402 0.028295 0.052289
0 0.944969 0.646044 0.036509 0.049846
0 0.902983 0.485999 0.020080 0.277085
0 0.916218 0.496017 0.017342 0.242389
0 0.932647 0.519719 0.020993 0.026878
0 0.942231 0.546108 0.034684 0.104090
0 0.949989 0.464253 0.017342 0.073303
0 0.930822 0.409031 0.022818 0.124126
0 0.164462 0.701443 0.025225 0.033764
0 0.217276 0.169241 0.033107 0.113953
0 0.757528 0.961467 0.147406 0.065924
0 0.865915 0.922006 0.062431 0.148561
0 0.911004 0.925255 0.052026 0.149489
0 0.088771 0.783730 0.027495 0.106887
0 0.100725 0.720366 0.096829 0.019841
0 0.270475 0.700525 0.125519 0.023682
0 0.088173 0.693484 0.040644 0.018561
0 0.055897 0.685804 0.028690 0.033922
0 0.368406 0.662410 0.066107 0.031810
0 0.331587 0.636425 0.012552 0.020161
0 0.325311 0.676747 0.008368 0.020161
0 0.313596 0.646953 0.015062 0.021505
0 0.309831 0.671595 0.024267 0.025986
0 0.646640 0.769041 0.020083 0.127688
0 0.408991 0.697581 0.056902 0.017025
0 0.430329 0.688844 0.057739 0.021953
0 0.155861 0.193996 0.025941 0.030466
0 0.789732 0.659498 0.036819 0.054659
0 0.848726 0.684364 0.025941 0.016577
0 0.934498 0.681676 0.023430 0.013889
0 0.917762 0.646057 0.018409 0.059140
0 0.753750 0.681228 0.061923 0.021953
0 0.655845 0.655018 0.025104 0.051971
0 0.700499 0.693066 0.025104 0.019300
0 0.693097 0.643783 0.023173 0.028260