0 0.064612 0.418292 0.124068 0.114206
0 0.275988 0.380687 0.261922 0.233983
0 0.172597 0.819406 0.112581 0.203343
0 0.210644 0.838049 0.029175 0.091492
0 0.307579 0.536676 0.099944 0.139276
0 0.392589 0.550604 0.053993 0.235840
0 0.412693 0.342618 0.057439 0.304550
0 0.447156 0.218199 0.032166 0.109564
0 0.572373 0.236769 0.261922 0.107707
0 0.770538 0.276695 0.024124 0.033426
0 0.922751 0.262303 0.018380 0.038069
0 0.459793 0.508821 0.105688 0.347261
0 0.485066 0.474002 0.107985 0.355617
0 0.532740 0.539926 0.042505 0.047354
0 0.457495 0.806871 0.029868 0.057567
0 0.483917 0.718199 0.020678 0.043640
0 0.500574 0.662024 0.076968 0.074280
0 0.599370 0.519963 0.060885 0.098422
0 0.603965 0.457753 0.088456 0.302693
0 0.632110 0.607707 0.179210 0.238626
0 0.610857 0.737233 0.033315 0.332405
0 0.619473 0.762303 0.027571 0.317549
0 0.640726 0.831012 0.021827 0.115135
0 0.656234 0.786444 0.059737 0.271123
0 0.766517 0.449861 0.062034 0.075209
0 0.864164 0.221448 0.248137 0.429898
0 0.806725 0.621634 0.130961 0.379759
0 0.803278 0.491643 0.096498 0.558032
0 0.613155 0.451253 0.524993 0.308264
0 0.811894 0.331941 0.143598 0.379759
0 0.796960 0.501857 0.102242 0.288765
0 0.929644 0.431291 0.135556 0.153203
0 0.952620 0.491179 0.094200 0.146704
0 0.904371 0.733055 0.029868 0.283194
0 0.911838 0.904364 0.102242 0.180130
0 0.927347 0.886722 0.114878 0.226555
0 0.196932 0.836163 0.028591 0.095265