0 0.024472 0.150986 0.020719 0.146057
0 0.016451 0.336918 0.012699 0.347670
0 0.039509 0.372312 0.016040 0.108423
0 0.035833 0.471774 0.040769 0.088710
0 0.065575 0.164427 0.017377 0.081541
0 0.087964 0.202061 0.016709 0.135305
0 0.074932 0.392025 0.017377 0.190860
0 0.140095 0.177419 0.022055 0.141577
0 0.190556 0.275538 0.044111 0.479391
0 0.058223 0.689964 0.085548 0.313620
0 0.029818 0.712814 0.020719 0.112007
0 0.061565 0.682796 0.025397 0.080645
0 0.139761 0.660842 0.029407 0.391577
0 0.228651 0.188172 0.012030 0.102151
0 0.240347 0.272849 0.024729 0.463262
0 0.280448 0.129480 0.040769 0.181900
0 0.254383 0.192652 0.024729 0.098566
0 0.308519 0.277330 0.032749 0.475806
0 0.332245 0.272401 0.026734 0.464158
0 0.360984 0.093190 0.025397 0.046595
0 0.382705 0.176971 0.027402 0.206989
0 0.302838 0.674731 0.112282 0.349462
0 0.329572 0.519265 0.106935 0.642473
0 0.351627 0.567204 0.088222 0.444444
0 0.395404 0.291219 0.023392 0.399642
0 0.418796 0.206989 0.020719 0.220430
0 0.446198 0.271505 0.022055 0.281362
0 0.434836 0.451165 0.023392 0.296595
0 0.414786 0.412186 0.036759 0.206093
0 0.570845 0.319892 0.037427 0.535842
0 0.511696 0.097222 0.072850 0.097670
0 0.504010 0.294803 0.017377 0.121864
0 0.482957 0.246864 0.026066 0.233871
0 0.473934 0.301523 0.030744 0.047491
0 0.470593 0.186380 0.024060 0.021505
0 0.699167 0.438620 0.050794 0.782258
0 0.609943 0.316756 0.023392 0.536738
0 0.639016 0.521953 0.042774 0.310932
0 0.786721 0.104839 0.028071 0.123656
0 0.375019 0.774642 0.101589 0.357527
0 0.403090 0.780018 0.094905 0.343190
0 0.428487 0.737903 0.100252 0.400538
0 0.451211 0.770161 0.062825 0.194444
0 0.459565 0.816308 0.056809 0.105735
0 0.448537 0.442204 0.020050 0.043907
0 0.462573 0.466398 0.017377 0.110215
0 0.515372 0.448925 0.014704 0.087814
0 0.520385 0.331541 0.042106 0.354839
0 0.478613 0.443100 0.021387 0.140681
0 0.531078 0.672939 0.090227 0.324373
0 0.505013 0.675627 0.047453 0.211470
0 0.556809 0.602151 0.074855 0.148746
0 0.553134 0.642025 0.042106 0.187276
0 0.576860 0.814068 0.081538 0.176523
0 0.563159 0.804659 0.059483 0.121864
0 0.521387 0.875000 0.037427 0.174731
0 0.740271 0.567204 0.043443 0.652330
0 0.626652 0.756720 0.052799 0.149642
0 0.594571 0.732079 0.022055 0.093190
0 0.676109 0.774194 0.042106 0.141577
0 0.782042 0.922043 0.056141 0.077061
0 0.769678 0.548387 0.024729 0.340502
0 0.790731 0.655466 0.030744 0.438172
0 0.778700 0.305556 0.018714 0.157706
0 0.796077 0.349910 0.016040 0.076165
0 0.810781 0.336022 0.024060 0.127240
0 0.832502 0.642921 0.050126 0.422043
0 0.842862 0.522401 0.041437 0.487455
0 0.847206 0.399642 0.030076 0.152330
0 0.859570 0.850806 0.030744 0.180108
0 0.887641 0.520609 0.040101 0.480287
0 0.910365 0.582437 0.046784 0.172043
0 0.949129 0.337366 0.049458 0.110215
0 0.976197 0.315860 0.030076 0.074373
0 0.920390 0.800627 0.032081 0.190860
0 0.876613 0.420251 0.028739 0.086022
0 0.955812 0.552419 0.037427 0.303763
0 0.930749 0.520161 0.031412 0.253584
0 0.951468 0.793907 0.048789 0.123656
0 0.983549 0.927419 0.030076 0.057348