0 0.442670 0.612482 0.026896 0.162345
0 0.600274 0.515067 0.029143 0.061065
0 0.504785 0.600358 0.013823 0.062724
0 0.514886 0.601254 0.017013 0.046595
0 0.405364 0.544355 0.027646 0.085125
0 0.428323 0.658303 0.106332 0.291517
0 0.394297 0.619773 0.062382 0.178614
0 0.405639 0.737754 0.035444 0.089606
0 0.138391 0.078256 0.077977 0.086022
0 0.492123 0.846476 0.034026 0.056153
0 0.607395 0.384857 0.027646 0.031362
0 0.471968 0.392473 0.065394 0.036738
0 0.469842 0.412410 0.137700 0.076613
0 0.709715 0.410693 0.064383 0.050777
0 0.704747 0.417867 0.071282 0.050937
0 0.761654 0.443548 0.027343 0.018348