0 0.065809 0.278424 0.019297 0.169251
0 0.058090 0.492248 0.024443 0.033592
0 0.186096 0.257106 0.023157 0.219638
0 0.246561 0.474806 0.051460 0.208010
0 0.315685 0.573035 0.029514 0.191518
0 0.329307 0.573415 0.029514 0.057000
0 0.323631 0.449156 0.033297 0.434717
0 0.360383 0.519488 0.061108 0.644918
0 0.378910 0.755814 0.053604 0.289980
0 0.382841 0.533664 0.022871 0.023686
0 0.406365 0.517136 0.027761 0.701074
0 0.414490 0.755474 0.052137 0.291038
0 0.450376 0.696654 0.071096 0.426357
0 0.505560 0.176459 0.013542 0.049640
0 0.508607 0.371277 0.020990 0.271998
0 0.463580 0.568475 0.036563 0.284238
0 0.492357 0.537876 0.046720 0.590235
0 0.494726 0.749354 0.014896 0.197198
0 0.509284 0.592615 0.052137 0.336597
0 0.520795 0.794234 0.019636 0.232558
0 0.590198 0.336597 0.023021 0.367197
0 0.556343 0.700394 0.067710 0.403917
0 0.584442 0.614375 0.029115 0.025160
0 0.596969 0.732694 0.065002 0.347477
0 0.574624 0.783354 0.036563 0.246158
0 0.616836 0.454215 0.013669 0.233366
0 0.621660 0.505491 0.016885 0.687984
0 0.648596 0.503068 0.069149 0.051680
0 0.644978 0.616521 0.024926 0.582203
0 0.665883 0.552326 0.037791 0.116279
0 0.666285 0.770349 0.025730 0.180879
0 0.665883 0.547884 0.068345 0.058947
0 0.725786 0.383559 0.085230 0.069444
0 0.684779 0.448966 0.020905 0.190568
0 0.729404 0.440891 0.071561 0.179264
0 0.679552 0.768330 0.042615 0.267280
0 0.709302 0.798611 0.055480 0.221253
0 0.717343 0.683543 0.044223 0.183301
0 0.743877 0.683140 0.036183 0.187339
0 0.757546 0.742894 0.026534 0.206718
0 0.769205 0.707768 0.045027 0.318960
0 0.793326 0.466731 0.102919 0.134044
0 0.852023 0.431605 0.017689 0.068637
0 0.835137 0.335514 0.028946 0.042797
0 0.775235 0.597949 0.026534 0.530523
0 0.804985 0.415859 0.057088 0.169574
0 0.819056 0.359738 0.024122 0.372255
0 0.829509 0.697674 0.030554 0.230943
0 0.801769 0.656492 0.031358 0.385982
0 0.818445 0.768404 0.023737 0.236742
0 0.881773 0.438065 0.043419 0.404554
0 0.873732 0.478036 0.025730 0.050065
0 0.905894 0.445333 0.019297 0.131621
0 0.903482 0.199855 0.012865 0.170381
0 0.916347 0.206315 0.014473 0.154231
0 0.980672 0.241037 0.024122 0.099322
0 0.942077 0.322190 0.056284 0.038760
0 0.979064 0.350856 0.027338 0.018572
0 0.839323 0.737021 0.065494 0.266620
0 0.910081 0.699436 0.127480 0.367630
0 0.881427 0.713531 0.018713 0.268969
0 0.902479 0.675946 0.030408 0.367630
0 0.928208 0.613695 0.039764 0.407564
0 0.943412 0.702960 0.032747 0.318299
0 0.980253 0.350599 0.026899 0.017618
0 0.972651 0.617806 0.039764 0.469814
0 0.058657 0.782828 0.106428 0.240780
0 0.022401 0.789875 0.038595 0.229035
0 0.046377 0.819826 0.035086 0.194973
0 0.089650 0.811604 0.074850 0.133897
0 0.097836 0.809255 0.030408 0.216115
0 0.074446 0.808668 0.023391 0.217289
0 0.138185 0.798097 0.036256 0.226685
0 0.161576 0.807494 0.087715 0.207893
0 0.184382 0.781654 0.039764 0.257223
0 0.230579 0.807494 0.057307 0.179704
0 0.233503 0.717054 0.044442 0.381724
0 0.259233 0.738196 0.058477 0.238431
0 0.298412 0.738196 0.057307 0.177355
0 0.308353 0.789875 0.037425 0.229035
0 0.010432 0.631720 0.020864 0.014337
0 0.144441 0.627688 0.018737 0.024194