0 0.028095 0.593638 0.015652 0.086918
0 0.028095 0.907706 0.018782 0.028674
0 0.049225 0.149194 0.023478 0.192652
0 0.064486 0.433244 0.022695 0.294803
0 0.019504 0.755445 0.016254 0.155776
0 0.070373 0.733733 0.015652 0.192308
0 0.083015 0.908464 0.012040 0.038599
0 0.106493 0.907775 0.010836 0.046871
0 0.120339 0.902950 0.010836 0.053763
0 0.103182 0.743038 0.019866 0.223325
0 0.087530 0.543149 0.013846 0.070306
0 0.104085 0.294665 0.026488 0.565895
0 0.134486 0.854356 0.024682 0.124759
0 0.145322 0.370830 0.029498 0.419079
0 0.131175 0.691687 0.024080 0.195065
0 0.146526 0.695478 0.024682 0.205404
0 0.160071 0.232975 0.077056 0.439757
0 0.167596 0.185760 0.028294 0.222636
0 0.170606 0.499724 0.028294 0.169562
0 0.203113 0.344982 0.025886 0.463882
0 0.185355 0.640336 0.024080 0.172319
0 0.165489 0.764061 0.016856 0.195065
0 0.184452 0.766474 0.015050 0.055142
0 0.260905 0.747519 0.029498 0.219879
0 0.213949 0.720982 0.036722 0.158533
0 0.203715 0.911566 0.013846 0.035153
0 0.219367 0.901572 0.012642 0.057899
0 0.267527 0.484905 0.030702 0.309484
0 0.283480 0.490074 0.036120 0.351530
0 0.318998 0.300524 0.043344 0.563827
0 0.295821 0.307072 0.096921 0.503860
0 0.365050 0.205059 0.021070 0.192308
0 0.384615 0.278467 0.024080 0.045492
0 0.420434 0.112696 0.016254 0.119245
0 0.373779 0.383926 0.016856 0.059278
0 0.411404 0.352564 0.017458 0.070995
0 0.459564 0.396678 0.066822 0.343948
0 0.447223 0.537634 0.015652 0.073063
0 0.313580 0.694444 0.014448 0.093052
0 0.325921 0.709264 0.013846 0.064792
0 0.340670 0.657913 0.019264 0.127516
0 0.363546 0.656534 0.025284 0.146816
0 0.396655 0.689275 0.022876 0.190240
0 0.416822 0.740626 0.019866 0.035153
0 0.438494 0.700303 0.027090 0.201268
0 0.490567 0.714433 0.018060 0.197822
0 0.316590 0.901227 0.015652 0.047560
0 0.350904 0.900882 0.018060 0.073063
0 0.268731 0.904673 0.012642 0.043424
0 0.241641 0.899159 0.017458 0.042046
0 0.518861 0.835057 0.019264 0.053074
0 0.573642 0.840226 0.061404 0.166805
0 0.579060 0.847119 0.051772 0.046871
0 0.555281 0.059622 0.016254 0.046181
0 0.480634 0.058933 0.013846 0.055831
0 0.497791 0.089950 0.024080 0.072374
0 0.734977 0.310518 0.042140 0.536945
0 0.668758 0.182658 0.025284 0.279846
0 0.578759 0.169906 0.025886 0.273642
0 0.623909 0.205404 0.043946 0.334988
0 0.538727 0.539702 0.037324 0.162669
0 0.598324 0.278812 0.055384 0.281913
0 0.572739 0.519024 0.016254 0.128205
0 0.600431 0.524538 0.016254 0.090984
0 0.613073 0.508340 0.015050 0.072374
0 0.804508 0.114420 0.025886 0.132341
0 0.778020 0.138889 0.015050 0.028260
0 0.759659 0.074442 0.018060 0.030328
0 0.647387 0.437000 0.022274 0.277089
0 0.675681 0.447339 0.034314 0.267439
0 0.795177 0.377723 0.026488 0.205404
0 0.776816 0.459057 0.023478 0.126827
0 0.851163 0.167149 0.025284 0.069617
0 0.882467 0.224014 0.018060 0.197133
0 0.905342 0.293286 0.042140 0.046181
0 0.938151 0.255721 0.037926 0.395644
0 0.956813 0.483182 0.034314 0.191618
0 0.845143 0.375310 0.014448 0.090295
0 0.833103 0.400813 0.020468 0.120623
0 0.936947 0.881238 0.027090 0.082024
0 0.852969 0.711676 0.022876 0.122002
0 0.809926 0.616556 0.021070 0.035153
0 0.808722 0.696857 0.016254 0.099256
0 0.617889 0.906396 0.016254 0.051006
0 0.741298 0.623794 0.021070 0.062035
0 0.752736 0.706507 0.023478 0.078577
0 0.740094 0.714433 0.019866 0.084781
0 0.748522 0.832644 0.025886 0.064792
0 0.700965 0.869520 0.016254 0.102702
0 0.642571 0.806452 0.024682 0.108905
0 0.611267 0.674111 0.018662 0.137855
0 0.634143 0.667218 0.025886 0.107527
0 0.657922 0.626206 0.012040 0.066860
0 0.689828 0.693755 0.021672 0.208850
0 0.665447 0.688930 0.024682 0.050317
0 0.648591 0.733044 0.018662 0.040667
0 0.830695 0.570720 0.016856 0.059278
0 0.892098 0.879515 0.024080 0.089606
0 0.872233 0.857458 0.037324 0.056521
0 0.875544 0.793355 0.018662 0.064792
0 0.872534 0.609319 0.018662 0.090984
0 0.906546 0.836780 0.025284 0.048249
0 0.906245 0.703060 0.025886 0.213675
0 0.950492 0.684795 0.030100 0.126137
0 0.939054 0.727874 0.027692 0.197133
0 0.568525 0.705473 0.029498 0.098566
0 0.445718 0.131996 0.030702 0.186793
0 0.803003 0.816791 0.016856 0.081334