0 0.027778 0.377076 0.014562 0.080472
0 0.110869 0.465578 0.017989 0.322075
0 0.127144 0.560631 0.016276 0.163344
0 0.150701 0.500185 0.020559 0.435585
0 0.192246 0.534791 0.012849 0.528793
0 0.203382 0.550480 0.014562 0.545404
0 0.272750 0.580464 0.014599 0.692119
0 0.295610 0.595455 0.032836 0.755326
0 0.331518 0.646059 0.027558 0.612900
0 0.361854 0.349760 0.014562 0.114433
0 0.395262 0.257937 0.017989 0.176264
0 0.360998 0.653839 0.016276 0.043374
0 0.526751 0.443429 0.027411 0.694906
0 0.575149 0.469269 0.029981 0.615541
0 0.605558 0.796419 0.065102 0.060908
0 0.649245 0.388981 0.017132 0.693060
0 0.665949 0.416667 0.023128 0.750277
0 0.683938 0.778424 0.050540 0.021226
0 0.696787 0.302695 0.017989 0.546327
0 0.704925 0.382983 0.018845 0.717977
0 0.727196 0.311462 0.022272 0.563861
0 0.758463 0.289775 0.021415 0.450351
0 0.799580 0.313307 0.019702 0.274086
0 0.832131 0.528331 0.017989 0.045220
0 0.853974 0.602159 0.017132 0.050757
0 0.886525 0.496493 0.044543 0.073828
0 0.841844 0.704301 0.009981 0.032258
0 0.938741 0.647401 0.014140 0.052867
0 0.972842 0.628584 0.025784 0.052867