0 0.012353 0.307335 0.011167 0.033426
0 0.043528 0.335655 0.013959 0.114206
0 0.059814 0.353296 0.018612 0.151346
0 0.094248 0.438719 0.033502 0.123491
0 0.103088 0.377902 0.017682 0.157846
0 0.117978 0.418756 0.023266 0.323120
0 0.147758 0.323120 0.019543 0.159703
0 0.159857 0.348189 0.025127 0.222841
0 0.165440 0.419220 0.062352 0.396472
0 0.153342 0.584494 0.017682 0.101207
0 0.173816 0.310585 0.030711 0.184773
0 0.152877 0.577530 0.013029 0.115135
0 0.175677 0.508357 0.015821 0.288765
0 0.183122 0.459146 0.045601 0.244197
0 0.198999 0.737233 0.064100 0.172702
0 0.184518 0.654132 0.026057 0.155060
0 0.206853 0.479573 0.027919 0.535747
0 0.249197 0.786444 0.025127 0.126277
0 0.248266 0.482358 0.026988 0.587744
0 0.246405 0.693593 0.013959 0.070566
0 0.268274 0.597493 0.033502 0.292479
0 0.306895 0.609099 0.103299 0.328691
0 0.280838 0.794336 0.038156 0.114206
0 0.296193 0.743268 0.031641 0.218199
0 0.319459 0.792479 0.033502 0.123491
0 0.307361 0.493500 0.050254 0.392758
0 0.340863 0.711699 0.024196 0.143918
0 0.292471 0.290622 0.027919 0.224698
0 0.312014 0.371402 0.031641 0.414113
0 0.369713 0.430826 0.052115 0.590529
0 0.399493 0.502786 0.087479 0.409471
0 0.403215 0.579851 0.018612 0.277623
0 0.429738 0.687558 0.017682 0.051068
0 0.443232 0.775766 0.063282 0.168059
0 0.395770 0.820799 0.055837 0.087279
0 0.360406 0.813835 0.016751 0.097493
0 0.450677 0.389508 0.048392 0.526462
0 0.445558 0.787837 0.017682 0.099350
0 0.448816 0.837512 0.026057 0.044568
0 0.479992 0.831941 0.015821 0.072423
0 0.489298 0.735376 0.032572 0.256267
0 0.492090 0.665738 0.017682 0.124420
0 0.485110 0.484215 0.063282 0.753018
0 0.493486 0.141133 0.070727 0.061281
0 0.509772 0.440576 0.034433 0.212628
0 0.504188 0.312442 0.034433 0.032498
0 0.495347 0.139740 0.063282 0.062210
0 0.526523 0.176880 0.045601 0.038069
0 0.531176 0.593315 0.034433 0.508821
0 0.579103 0.472145 0.055837 0.741876
0 0.595389 0.468431 0.054907 0.441040
0 0.598646 0.557103 0.042809 0.304550
0 0.599577 0.772052 0.024196 0.073352
0 0.587479 0.707985 0.022335 0.043640
0 0.621912 0.419220 0.040947 0.637883
0 0.637732 0.224234 0.022335 0.244197
0 0.636337 0.582637 0.021404 0.286908
0 0.647504 0.532498 0.038156 0.351903
0 0.645177 0.734448 0.027919 0.115135
0 0.647969 0.783658 0.018612 0.077994
0 0.671235 0.665274 0.020474 0.212628
0 0.711717 0.722841 0.028849 0.192201
0 0.708460 0.702878 0.031641 0.206128
0 0.719789 0.539269 0.046208 0.544488
0 0.753595 0.756732 0.040017 0.076137
0 0.758248 0.681987 0.036294 0.229341
0 0.750338 0.697307 0.029780 0.176416
0 0.744289 0.399721 0.036294 0.405757
0 0.786167 0.546425 0.056768 0.452182
0 0.798731 0.501857 0.044670 0.520891
0 0.826565 0.667595 0.013649 0.149180
0 0.833389 0.542247 0.014890 0.443206
0 0.843936 0.648406 0.016131 0.104612
0 0.852622 0.607861 0.023576 0.309502
0 0.867822 0.565769 0.025437 0.377592
0 0.887055 0.611266 0.031641 0.118230
0 0.902566 0.522439 0.030400 0.126277
0 0.911562 0.637574 0.045911 0.180749
0 0.930795 0.646859 0.031021 0.151037
0 0.973293 0.680904 0.014270 0.068090