0 0.010327 0.758513 0.017707 0.241039
0 0.037569 0.530466 0.047673 0.740143
0 0.079113 0.510305 0.036777 0.472222
0 0.135980 0.362455 0.017026 0.427419
0 0.187059 0.396057 0.029285 0.501792
0 0.207150 0.523297 0.035414 0.715054
0 0.235413 0.510305 0.027923 0.739247
0 0.317139 0.840054 0.027923 0.113799
0 0.266060 0.456989 0.012940 0.629032
0 0.279341 0.507616 0.021794 0.712366
0 0.430193 0.522849 0.036096 0.726703
0 0.441770 0.569892 0.124632 0.367384
0 0.378433 0.827061 0.057889 0.066308
0 0.380476 0.854391 0.017026 0.076165
0 0.501362 0.509409 0.073553 0.705197
0 0.488422 0.654570 0.040863 0.434588
0 0.553462 0.525986 0.025199 0.709677
0 0.544609 0.613351 0.022475 0.328853
0 0.581726 0.423387 0.021794 0.481183
0 0.598071 0.516577 0.019069 0.724910
0 0.585471 0.767921 0.017026 0.206093
0 0.609649 0.509409 0.016345 0.662186
0 0.627356 0.482975 0.028604 0.655914
0 0.662089 0.499104 0.017707 0.700717
0 0.691374 0.330645 0.023156 0.326165
0 0.679796 0.676971 0.020431 0.339606
0 0.708400 0.677867 0.043587 0.344982
0 0.716232 0.341398 0.018388 0.324373
0 0.767992 0.280018 0.019750 0.228495
0 0.755393 0.456093 0.068105 0.532258
0 0.756755 0.762993 0.032690 0.194444
0 0.794893 0.669803 0.016345 0.341398
0 0.807152 0.491487 0.021794 0.663978
0 0.826903 0.371864 0.016345 0.396057
0 0.836437 0.415323 0.014983 0.323477
0 0.826222 0.708333 0.021794 0.255376
0 0.843929 0.756720 0.016345 0.133513
0 0.848015 0.413978 0.025880 0.485663
0 0.872192 0.340054 0.011578 0.291219
0 0.879003 0.495968 0.029285 0.629928
0 0.915439 0.469534 0.025880 0.623656
0 0.936892 0.416667 0.014302 0.474910
0 0.962431 0.508513 0.014983 0.637097
0 0.979457 0.495520 0.023156 0.659498