0 0.014525 0.452784 0.024352 0.243129
0 0.055158 0.417909 0.034784 0.478036
0 0.035281 0.420394 0.052673 0.280262
0 0.039257 0.634069 0.022858 0.504870
0 0.045717 0.686245 0.067581 0.253429
0 0.110813 0.698171 0.022858 0.428344
0 0.127211 0.599284 0.017889 0.626118
0 0.148082 0.616180 0.021864 0.542636
0 0.153051 0.694196 0.043729 0.446233
0 0.161996 0.321507 0.037766 0.291195
0 0.182369 0.675810 0.022858 0.389585
0 0.212798 0.258778 0.021280 0.187718
0 0.207858 0.633835 0.025080 0.538076
0 0.225338 0.755814 0.029640 0.316917
0 0.268634 0.770254 0.055432 0.300198
0 0.258398 0.648035 0.014960 0.084319
0 0.233238 0.459336 0.014960 0.121719
0 0.258398 0.488576 0.023120 0.192438
0 0.277347 0.541344 0.027562 0.657192
0 0.296296 0.748062 0.034453 0.257537
0 0.317399 0.711456 0.018088 0.366925
0 0.330319 0.775194 0.016365 0.168820
0 0.335917 0.707580 0.018949 0.295435
0 0.347976 0.613695 0.037898 0.434970
0 0.354436 0.433678 0.023256 0.236865
0 0.364772 0.437984 0.014643 0.124892
0 0.363910 0.324720 0.083549 0.168820
0 0.308786 0.193798 0.012920 0.060293
0 0.380276 0.484065 0.030146 0.558140
0 0.401378 0.264858 0.017227 0.143842
0 0.419897 0.194229 0.011197 0.069767
0 0.437554 0.338501 0.015504 0.187769
0 0.394488 0.684324 0.017227 0.328165
0 0.411714 0.673988 0.025840 0.304048
0 0.448320 0.766581 0.031869 0.256675
0 0.457795 0.708872 0.023256 0.268734
0 0.476314 0.413437 0.022394 0.177433
0 0.497416 0.512920 0.012920 0.655469
0 0.513781 0.201550 0.014643 0.105082
0 0.532730 0.304910 0.040482 0.110250
0 0.531438 0.720500 0.025840 0.376400
0 0.574074 0.222222 0.037037 0.136090
0 0.569767 0.747631 0.030146 0.327304
0 0.603790 0.648148 0.029285 0.540052
0 0.619724 0.262705 0.024978 0.258398
0 0.650301 0.178295 0.015504 0.068906
0 0.663221 0.161929 0.017227 0.067183
0 0.696382 0.149871 0.011197 0.065461
0 0.708441 0.200258 0.016365 0.145564
0 0.728252 0.201550 0.019811 0.155039
0 0.679156 0.497416 0.028424 0.166236
0 0.671404 0.622308 0.052541 0.181740
0 0.736434 0.763135 0.041344 0.304910
0 0.726098 0.802756 0.017227 0.217054
0 0.636520 0.815676 0.020672 0.203273
0 0.661068 0.826012 0.021533 0.175711
0 0.704565 0.754953 0.018949 0.321275
0 0.679156 0.793282 0.031869 0.239449
0 0.743325 0.565891 0.025840 0.184324
0 0.730405 0.197244 0.022394 0.148148
0 0.772610 0.215762 0.032730 0.136951
0 0.735142 0.302326 0.019811 0.089578
0 0.755814 0.400086 0.042205 0.333333
0 0.765719 0.708441 0.020672 0.247201
0 0.747201 0.831611 0.023256 0.166236
0 0.809109 0.524332 0.037683 0.738587
0 0.768196 0.834410 0.063523 0.135659
0 0.835487 0.288544 0.027993 0.271318
0 0.855405 0.368217 0.041990 0.411283
0 0.861865 0.711671 0.033376 0.338071
0 0.867248 0.442506 0.020457 0.307924
0 0.882429 0.705426 0.025840 0.260982
0 0.912145 0.362403 0.028424 0.313953
0 0.924419 0.456072 0.045220 0.410853
0 0.950904 0.403101 0.043928 0.330749
0 0.978036 0.326227 0.038760 0.184755
0 0.983204 0.239664 0.023256 0.197674
0 0.980620 0.719638 0.036176 0.361757
0 0.938630 0.781654 0.029716 0.266150
0 0.898579 0.784884 0.021964 0.223514