0 0.007711 0.385704 0.010552 0.426014
0 0.014205 0.527016 0.017045 0.617201
0 0.015422 0.741062 0.008117 0.193265
0 0.026380 0.530133 0.012175 0.635904
0 0.038149 0.516625 0.022727 0.617201
0 0.048701 0.514547 0.025974 0.608888
0 0.067370 0.537406 0.012987 0.650451
0 0.082386 0.522859 0.012175 0.642138
0 0.097403 0.506234 0.012987 0.696169
0 0.109984 0.519742 0.010552 0.669154
0 0.134740 0.501039 0.038961 0.586029
0 0.136769 0.507273 0.023539 0.615123
0 0.150568 0.517664 0.020292 0.635904
0 0.174175 0.499791 0.014205 0.607849
0 0.180757 0.280710 0.013112 0.171045
0 0.189186 0.497313 0.031219 0.674589
0 0.203234 0.504507 0.039336 0.612245
0 0.220405 0.631592 0.033716 0.358076
0 0.218219 0.400601 0.024351 0.385251
0 0.216658 0.638785 0.012488 0.123089
0 0.217907 0.618803 0.018731 0.453989
0 0.231019 0.453353 0.017483 0.570683
0 0.239760 0.386214 0.009990 0.423616
0 0.247565 0.482127 0.011863 0.663399
0 0.257555 0.409393 0.010614 0.495551
0 0.266921 0.496514 0.015609 0.672990
0 0.277223 0.513299 0.011239 0.588267
0 0.286588 0.508503 0.019980 0.690574
0 0.295017 0.631592 0.013112 0.425215
0 0.305007 0.509302 0.015609 0.701764
0 0.321866 0.476532 0.020604 0.649012
0 0.322178 0.482926 0.023726 0.661801
0 0.337787 0.499711 0.013736 0.669793
0 0.354021 0.530883 0.011239 0.588267
0 0.363074 0.500510 0.016858 0.674589
0 0.376811 0.401400 0.011863 0.492354
0 0.383679 0.482926 0.015609 0.610647
0 0.389298 0.649176 0.009366 0.236586
0 0.399600 0.474934 0.014985 0.655406
0 0.402722 0.370228 0.018731 0.442799
0 0.401786 0.530084 0.006868 0.193425
0 0.432068 0.732300 0.064935 0.179038
0 0.429883 0.488521 0.039336 0.650611
0 0.452360 0.743490 0.019356 0.185432
0 0.469530 0.640384 0.021229 0.362871
0 0.480145 0.490120 0.016234 0.682582
0 0.496379 0.490120 0.008741 0.682582
0 0.483891 0.761874 0.023726 0.107103
0 0.505432 0.343852 0.009366 0.377258
0 0.510427 0.498113 0.015609 0.682582
0 0.521978 0.488521 0.008741 0.660202
0 0.534153 0.497313 0.023102 0.677786
0 0.552260 0.494915 0.016858 0.682582
0 0.589723 0.480529 0.023102 0.676188
0 0.569743 0.769866 0.019356 0.116694
0 0.614386 0.486123 0.009990 0.671392
0 0.623439 0.494915 0.009366 0.685779
0 0.628122 0.478930 0.028721 0.653808
0 0.656219 0.770666 0.022478 0.083125
0 0.667770 0.585234 0.054321 0.434806
0 0.676199 0.661964 0.012488 0.316513
0 0.692745 0.731501 0.019356 0.091117
0 0.703047 0.504507 0.028721 0.621837
0 0.704608 0.404597 0.011863 0.511537
0 0.694930 0.725107 0.024975 0.116694
0 0.712725 0.474134 0.025599 0.666596
0 0.737388 0.772264 0.047453 0.089519
0 0.736451 0.335060 0.008117 0.343689
0 0.745504 0.478930 0.013736 0.660202
0 0.759553 0.481328 0.015609 0.668195
0 0.768294 0.646778 0.013112 0.356477
0 0.777660 0.774662 0.011863 0.129483
0 0.783904 0.652373 0.024351 0.332499
0 0.799825 0.486123 0.018731 0.687377
0 0.811376 0.597223 0.025599 0.433208
0 0.816683 0.359039 0.009990 0.394842
0 0.816371 0.481328 0.024351 0.674589
0 0.846653 0.481328 0.017483 0.684180
0 0.863824 0.483726 0.015609 0.676188
0 0.873814 0.741092 0.018107 0.164651
0 0.894075 0.483375 0.012175 0.650451
0 0.902597 0.389860 0.011364 0.488358
0 0.914367 0.508312 0.013799 0.621357
0 0.935471 0.458438 0.021916 0.613045
0 0.989042 0.665210 0.017045 0.311718
0 0.961851 0.392977 0.029221 0.153781