0 0.293331 0.611427 0.021489 0.012650
0 0.341027 0.510489 0.029875 0.052182
0 0.326613 0.585073 0.011531 0.096985
0 0.345482 0.670725 0.009434 0.132300
0 0.328186 0.468058 0.058702 0.026355
0 0.290711 0.406125 0.028827 0.032153
0 0.378501 0.547386 0.007338 0.040586
0 0.384529 0.487824 0.023585 0.083808
0 0.374308 0.440122 0.016772 0.095931
0 0.349937 0.436960 0.047695 0.051655
0 0.442968 0.499947 0.024110 0.045857
0 0.509532 0.526565 0.014675 0.073793
0 0.539931 0.516551 0.024110 0.047438
0 0.657596 0.415876 0.012055 0.060089
0 0.616452 0.401381 0.011531 0.021611
0 0.596536 0.440913 0.017820 0.020557
0 0.632438 0.380561 0.014151 0.010542
0 0.645803 0.374236 0.017820 0.015813
0 0.745648 0.363957 0.006814 0.026882
0 0.782337 0.392948 0.012055 0.128083
0 0.635583 0.269871 0.013103 0.042167
0 0.732283 0.225859 0.013627 0.020557
0 0.784171 0.259330 0.020965 0.066414
0 0.817191 0.217689 0.022013 0.037951
0 0.828459 0.263283 0.017296 0.049020
0 0.860955 0.236665 0.008910 0.047438
0 0.855714 0.323371 0.015200 0.061670
0 0.901050 0.345246 0.014675 0.084335
0 0.883230 0.244571 0.013627 0.039005
0 0.899740 0.254586 0.008910 0.054818
0 0.635583 0.152593 0.020441 0.022665
0 0.627983 0.168406 0.017820 0.070103
0 0.593915 0.170514 0.037737 0.022665
0 0.603087 0.136253 0.013103 0.024773
0 0.689829 0.181847 0.036688 0.041113
0 0.676202 0.173413 0.028303 0.033734
0 0.642920 0.225596 0.044550 0.080118
0 0.676726 0.229549 0.016772 0.035315
0 0.654189 0.234556 0.034592 0.048493
0 0.560895 0.597987 0.010482 0.069049
0 0.594701 0.567679 0.009958 0.047438
0 0.621956 0.627767 0.011007 0.037951
0 0.452402 0.614853 0.009434 0.052182
0 0.526303 0.667036 0.011531 0.065887
0 0.509532 0.656494 0.020965 0.076428
0 0.488567 0.692600 0.024110 0.013704
0 0.406804 0.638573 0.016772 0.075374
0 0.520800 0.729233 0.011007 0.062724
0 0.617238 0.814885 0.023585 0.011596
0 0.599680 0.722380 0.010482 0.033207
0 0.595225 0.634883 0.056081 0.102783
0 0.648686 0.636201 0.029875 0.050601
0 0.527876 0.310721 0.015724 0.032153
0 0.534689 0.242463 0.025158 0.044276
0 0.593915 0.224541 0.010482 0.024246
0 0.512414 0.293854 0.017296 0.111217
0 0.454761 0.307559 0.101155 0.100675
0 0.468388 0.341820 0.041406 0.038478
0 0.486732 0.416930 0.019392 0.046384
0 0.433534 0.449610 0.009434 0.026355
0 0.420955 0.422465 0.013627 0.026882
0 0.437465 0.418248 0.011007 0.031098
0 0.451878 0.392420 0.016772 0.061670
0 0.809329 0.400854 0.024110 0.103837
0 0.825839 0.337603 0.017296 0.015286
0 0.693498 0.515497 0.067088 0.064305
0 0.651568 0.515760 0.016772 0.021611
0 0.685374 0.625132 0.023585 0.031626
0 0.414403 0.699452 0.024634 0.017921
0 0.437989 0.726597 0.018344 0.018448
0 0.468912 0.745309 0.013103 0.015813
0 0.587101 0.740829 0.013627 0.017394
0 0.210782 0.605102 0.019917 0.046384
0 0.664934 0.377662 0.013103 0.006852
0 0.677512 0.375817 0.008910 0.005271
0 0.488043 0.375026 0.006289 0.008961