0 0.007614 0.528226 0.013784 0.065412
0 0.034033 0.534050 0.013018 0.094982
0 0.057006 0.523746 0.019144 0.117384
0 0.077682 0.524194 0.023739 0.114695
0 0.159235 0.117832 0.019910 0.040323
0 0.134731 0.280466 0.019910 0.154122
0 0.155024 0.258961 0.020676 0.161290
0 0.151578 0.514785 0.024504 0.353943
0 0.171488 0.523746 0.029099 0.334229
0 0.194078 0.549283 0.035991 0.281362
0 0.223559 0.695341 0.024504 0.017921
0 0.334212 0.289875 0.014550 0.106631
0 0.443716 0.206093 0.022207 0.039427
0 0.481239 0.159946 0.019144 0.129928
0 0.778738 0.238799 0.032162 0.289427
0 0.802859 0.379032 0.028333 0.014337
0 0.815877 0.359767 0.013018 0.049283
0 0.828512 0.320341 0.015315 0.054659
0 0.833107 0.372312 0.010721 0.025986
0 0.839999 0.551075 0.018378 0.254480
0 0.861440 0.556900 0.027567 0.248208
0 0.949886 0.441756 0.023739 0.012545
0 0.956778 0.404570 0.046712 0.013441
0 0.427635 0.693548 0.075811 0.025090
0 0.485833 0.626344 0.029865 0.132616
0 0.434910 0.580197 0.019910 0.233871
0 0.453288 0.612455 0.018378 0.153226
0 0.686080 0.686380 0.007658 0.025090
0 0.676508 0.683692 0.008423 0.023297