0 0.046487 0.628584 0.033309 0.203405
0 0.088764 0.628136 0.046120 0.206093
0 0.033035 0.737903 0.029466 0.034946
0 0.055455 0.819444 0.023060 0.045699
0 0.072109 0.849014 0.017936 0.025986
0 0.076593 0.875896 0.019217 0.022401
0 0.052252 0.877688 0.014092 0.020609
0 0.156022 0.737903 0.034590 0.022401
0 0.115667 0.847670 0.015373 0.016129
0 0.147695 0.448029 0.092240 0.562724
0 0.179082 0.803763 0.026903 0.127240
0 0.216234 0.823925 0.052526 0.163978
0 0.248262 0.839158 0.052526 0.070789
0 0.276446 0.735215 0.065337 0.133513
0 0.294382 0.520161 0.049963 0.336022
0 0.302068 0.404122 0.029466 0.077061
0 0.457723 0.241487 0.120424 0.077957
0 0.601208 0.158602 0.058931 0.032258
0 0.336658 0.573477 0.080710 0.259857
0 0.309115 0.765681 0.033309 0.120968
0 0.355235 0.795251 0.051244 0.206989
0 0.351391 0.806452 0.038433 0.091398
0 0.434663 0.798387 0.028184 0.055556
0 0.455161 0.857527 0.023060 0.087814
0 0.473097 0.850806 0.020498 0.058244
0 0.487189 0.841398 0.023060 0.077061
0 0.467972 0.553763 0.140922 0.544803
0 0.540355 0.859767 0.021779 0.081541
0 0.567899 0.882616 0.040996 0.035842
0 0.610816 0.847670 0.039714 0.105735
0 0.579429 0.801075 0.020498 0.016129
0 0.902269 0.384857 0.043558 0.513441
0 0.976573 0.879928 0.033309 0.071685
0 0.941342 0.852151 0.039714 0.073477
0 0.900987 0.896057 0.023060 0.021505
0 0.866397 0.747760 0.048682 0.104839
0 0.653093 0.285394 0.032028 0.282258
0 0.649890 0.535842 0.020498 0.258065
0 0.704337 0.836022 0.024341 0.089606
0 0.674231 0.787186 0.020498 0.183692
0 0.659498 0.782706 0.019217 0.172939
0 0.667825 0.552419 0.038433 0.280466
0 0.674231 0.324821 0.020498 0.307348
0 0.715867 0.397401 0.026903 0.581541
0 0.786328 0.760305 0.078148 0.233871
0 0.936859 0.671147 0.005124 0.000000
0 0.796577 0.507168 0.044839 0.460573
0 0.800420 0.456989 0.021779 0.249104
0 0.814513 0.698029 0.060212 0.258065
0 0.781204 0.814068 0.034590 0.112007
0 0.877927 0.869624 0.025622 0.065412
0 0.845259 0.862455 0.037152 0.072581
0 0.824761 0.512993 0.026903 0.115591
0 0.728038 0.788978 0.038433 0.190860