0 0.131686 0.469982 0.015365 0.163978
0 0.684383 0.061828 0.047000 0.057348
0 0.648229 0.052867 0.084961 0.044803
0 0.626085 0.173387 0.324478 0.192652
0 0.801882 0.114247 0.037961 0.063620
0 0.843910 0.132168 0.037057 0.068996
0 0.655008 0.273746 0.156364 0.251792
0 0.613884 0.368728 0.059653 0.060036
0 0.619759 0.384409 0.022596 0.025090
0 0.697037 0.324373 0.106653 0.137993
0 0.732738 0.346326 0.053326 0.106631
0 0.478308 0.543907 0.041577 0.295699
0 0.431760 0.687724 0.116595 0.025986
0 0.475596 0.759409 0.048807 0.185484
0 0.529375 0.743728 0.040673 0.195341
0 0.546548 0.572581 0.055134 0.137993
0 0.382049 0.896953 0.056942 0.189964
0 0.342732 0.893369 0.043384 0.098566
0 0.382953 0.896505 0.181671 0.038530
0 0.282175 0.951613 0.028923 0.077061
0 0.219810 0.956093 0.043384 0.069892
0 0.252800 0.948477 0.049711 0.081541