0 0.010417 0.613395 0.009081 0.044949
0 0.019231 0.562316 0.010684 0.096028
0 0.038729 0.494381 0.005876 0.029626
0 0.012821 0.718106 0.012821 0.146085
0 0.082799 0.639956 0.023504 0.173668
0 0.107906 0.656812 0.006410 0.070489
0 0.117788 0.536266 0.009081 0.119524
0 0.112714 0.670092 0.007479 0.052100
0 0.129006 0.690524 0.012286 0.090920
0 0.127137 0.545971 0.014957 0.102157
0 0.152511 0.535244 0.009081 0.099093
0 0.191774 0.703293 0.025641 0.151193
0 0.181357 0.757437 0.016560 0.042906
0 0.184295 0.561805 0.009615 0.050057
0 0.194444 0.554143 0.016026 0.155279
0 0.209402 0.553122 0.013889 0.147107
0 0.161592 0.729854 0.010150 0.055165
0 0.053419 0.770206 0.007479 0.023496
0 0.079060 0.758458 0.023504 0.044949
0 0.246261 0.672135 0.017094 0.199207
0 0.223825 0.604201 0.019231 0.255394
0 0.230502 0.587855 0.016560 0.204315
0 0.228365 0.741602 0.009081 0.064359
0 0.262553 0.729343 0.020833 0.080704
0 0.270833 0.734451 0.017094 0.101136
0 0.276442 0.729343 0.009081 0.033712
0 0.292468 0.577129 0.017628 0.205336
0 0.298611 0.626164 0.028846 0.297278
0 0.302618 0.719128 0.025107 0.131783
0 0.330395 0.447900 0.028312 0.531219
0 0.334936 0.532690 0.016026 0.347335
0 0.452991 0.583769 0.012821 0.198185
0 0.446314 0.379454 0.031517 0.175711
0 0.476763 0.410101 0.013355 0.126675
0 0.350962 0.328376 0.024573 0.300343
0 0.361645 0.322757 0.009615 0.270717
0 0.370192 0.341145 0.011752 0.329968
0 0.347489 0.555165 0.017628 0.083769
0 0.352297 0.621057 0.016560 0.205336
0 0.342147 0.651193 0.026175 0.263566
0 0.322650 0.746710 0.010684 0.068445
0 0.362447 0.554654 0.005876 0.072532
0 0.370726 0.550568 0.010684 0.074575
0 0.369124 0.581215 0.005342 0.078661
0 0.365385 0.618503 0.005342 0.075596
0 0.363515 0.692567 0.010150 0.029626
0 0.361912 0.731897 0.014423 0.067424
0 0.366987 0.743645 0.013889 0.066402
0 0.378105 0.736134 0.009014 0.079810
0 0.369758 0.733580 0.018363 0.077257
0 0.449763 0.213394 0.008129 0.055076
0 0.387170 0.707303 0.010219 0.088833
0 0.394602 0.718407 0.010684 0.031980
0 0.390654 0.770152 0.011613 0.019099
0 0.401570 0.769485 0.004645 0.026650
0 0.411441 0.768597 0.010916 0.031091
0 0.417015 0.748166 0.024387 0.015990
0 0.374977 0.637125 0.008593 0.110152
0 0.383338 0.383730 0.017884 0.400191
0 0.386822 0.375513 0.009987 0.313579
0 0.386938 0.512982 0.011148 0.278490
0 0.394951 0.274244 0.008593 0.197208
0 0.399131 0.290012 0.007664 0.172779
0 0.401106 0.668438 0.007897 0.058185
0 0.405402 0.717741 0.009058 0.063515
0 0.410164 0.612252 0.013006 0.134137
0 0.397622 0.496770 0.004645 0.238071
0 0.417015 0.202956 0.005342 0.052855
0 0.406680 0.387728 0.010684 0.305140
0 0.415738 0.251148 0.005110 0.018655
0 0.416783 0.370405 0.013703 0.283820
0 0.423402 0.416598 0.015793 0.423287
0 0.513750 0.277131 0.007897 0.044860
0 0.467995 0.518534 0.005574 0.040863
0 0.475079 0.533635 0.009987 0.060406
0 0.455105 0.667106 0.031355 0.225190
0 0.493659 0.404384 0.010452 0.109264
0 0.490872 0.432144 0.025780 0.160343
0 0.485763 0.512982 0.005342 0.065292
0 0.485647 0.650672 0.008826 0.144353
0 0.481814 0.616694 0.006271 0.070178
0 0.509685 0.556509 0.005342 0.062627
0 0.502369 0.553845 0.006503 0.049302
0 0.499001 0.459904 0.037858 0.230965
0 0.526640 0.485666 0.009987 0.269163
0 0.488666 0.750831 0.009755 0.051523
0 0.478563 0.733730 0.006735 0.017322
0 0.480421 0.767043 0.006735 0.025317
0 0.472756 0.757493 0.009522 0.023985
0 0.501556 0.742169 0.009987 0.047525
0 0.516653 0.565615 0.016490 0.414848
0 0.538253 0.731287 0.004877 0.108376
0 0.556252 0.728623 0.027871 0.077284
0 0.561362 0.342867 0.006503 0.032424
0 0.558226 0.510539 0.007664 0.046193
0 0.557994 0.654003 0.023458 0.214086
0 0.584820 0.456795 0.016258 0.439721
0 0.573439 0.716408 0.009755 0.051079
0 0.628135 0.238267 0.006735 0.114594
0 0.637890 0.438140 0.013239 0.210533
0 0.620123 0.456129 0.013471 0.133693
0 0.605723 0.391947 0.011613 0.415736
0 0.767544 0.674745 0.038237 0.225284
0 0.732681 0.768837 0.008997 0.051079
0 0.844158 0.668562 0.017713 0.231198
0 0.846688 0.309398 0.021086 0.257007
0 0.858356 0.487635 0.008435 0.053229
0 0.854982 0.581190 0.006748 0.074736
0 0.862011 0.636839 0.007310 0.063445
0 0.855685 0.671788 0.008716 0.072048
0 0.848516 0.744104 0.014058 0.052154
0 0.916273 0.273105 0.030364 0.193024
0 0.901231 0.266384 0.012652 0.177431
0 0.933564 0.391123 0.016588 0.153774
0 0.915378 0.537101 0.022390 0.305935
0 0.922880 0.766686 0.009278 0.044627
0 0.953104 0.697596 0.026428 0.154849
0 0.938343 0.736039 0.008716 0.067209
0 0.876912 0.241920 0.011246 0.084414
0 0.890267 0.268803 0.007591 0.166140
0 0.883378 0.376338 0.011246 0.085490
0 0.844017 0.475538 0.009559 0.065596
0 0.872305 0.692785 0.011412 0.179704
0 0.874854 0.769171 0.006313 0.023218
0 0.894158 0.689303 0.024524 0.177382
0 0.897800 0.708341 0.008498 0.128161
0 0.879346 0.524226 0.005585 0.071046
0 0.882139 0.555569 0.006799 0.139306
0 0.890880 0.479184 0.012141 0.233569
0 0.918803 0.688374 0.011169 0.106801
0 0.962874 0.509599 0.023553 0.016717
0 0.968216 0.525387 0.018211 0.016717
0 0.962995 0.414871 0.018939 0.154165
0 0.943206 0.572751 0.010441 0.077082
0 0.975379 0.211253 0.025738 0.009751
0 0.962995 0.198947 0.009227 0.016717
0 0.925845 0.786585 0.015540 0.033898
0 0.890880 0.630330 0.006313 0.041792
0 0.883353 0.754080 0.005342 0.045042
0 0.896222 0.528637 0.009227 0.127232
0 0.995726 0.640466 0.006410 0.031669