0 0.019250 0.760753 0.023200 0.055556
0 0.025050 0.813620 0.016755 0.030466
0 0.055983 0.672491 0.021911 0.040323
0 0.152648 0.714606 0.070888 0.221326
0 0.160382 0.480287 0.042533 0.603943
0 0.157804 0.784946 0.045111 0.077061
0 0.184226 0.870072 0.038666 0.066308
0 0.953684 0.418011 0.085066 0.493728
0 0.661754 0.191308 0.096666 0.027778
0 0.513533 0.268817 0.122443 0.075269
0 0.485822 0.569892 0.079910 0.523297
0 0.413645 0.873208 0.025777 0.060036
0 0.431690 0.860215 0.012889 0.030466
0 0.443290 0.862903 0.018044 0.030466
0 0.463912 0.841846 0.033511 0.083333
0 0.563155 0.809588 0.020622 0.020609
0 0.544466 0.873208 0.029644 0.079749
0 0.514178 0.878584 0.025777 0.056452
0 0.336313 0.510753 0.061866 0.240143
0 0.287980 0.524194 0.029644 0.279570
0 0.336313 0.655018 0.023200 0.037634
0 0.344691 0.785842 0.019333 0.130824
0 0.343402 0.883513 0.024489 0.051971
0 0.252290 0.877447 0.020820 0.033085
0 0.308802 0.774917 0.017846 0.119589
0 0.323178 0.784222 0.012889 0.139578
0 0.276580 0.850738 0.012889 0.016198
0 0.293435 0.845568 0.014872 0.012752
0 0.307067 0.851771 0.022307 0.027226
0 0.306324 0.693755 0.029743 0.023435
0 0.284016 0.756824 0.017846 0.137166
0 0.271127 0.767680 0.074358 0.120278
0 0.265427 0.782327 0.020325 0.078577
0 0.273110 0.831955 0.010906 0.013785
0 0.621106 0.815929 0.041641 0.185070
0 0.671174 0.877619 0.025777 0.022401
0 0.666960 0.665495 0.051059 0.073752
0 0.665473 0.597601 0.015367 0.031017
0 0.667952 0.636545 0.025282 0.027571
0 0.665721 0.657396 0.029743 0.045837
0 0.652832 0.785601 0.038666 0.145782
0 0.698695 0.404826 0.046031 0.481951
0 0.759981 0.393425 0.078138 0.511313
0 0.732978 0.520833 0.078407 0.737007
0 0.736737 0.677643 0.036518 0.142622
0 0.725997 0.820639 0.027926 0.114994
0 0.819440 0.855735 0.038666 0.091099
0 0.814607 0.831093 0.037592 0.126941
0 0.810310 0.533527 0.061222 0.462216
0 0.802255 0.669430 0.128887 0.299432
0 0.888717 0.798611 0.016111 0.026135