0 0.126787 0.519713 0.032209 0.061231
0 0.162063 0.546222 0.013804 0.070938
0 0.170882 0.508513 0.016104 0.161290
0 0.185453 0.536888 0.014571 0.162784
0 0.196189 0.535768 0.016104 0.184438
0 0.182769 0.582437 0.036810 0.041816
0 0.205775 0.511873 0.015338 0.129182
0 0.210760 0.596625 0.013037 0.038829
0 0.221113 0.601105 0.015338 0.123955
0 0.234917 0.572730 0.050614 0.091099
0 0.237601 0.490591 0.039111 0.112007
0 0.242202 0.565636 0.019172 0.226254
0 0.224564 0.260230 0.031442 0.011201
0 0.208076 0.293459 0.016871 0.053763
0 0.222647 0.330048 0.013804 0.031362
0 0.228398 0.310633 0.008436 0.076165
0 0.242969 0.309513 0.032976 0.073925
0 0.251405 0.309886 0.042178 0.080645
0 0.259073 0.290845 0.045246 0.047043
0 0.247570 0.363650 0.029908 0.013441
0 0.231849 0.405093 0.088958 0.096326
0 0.263675 0.390158 0.045246 0.063471
0 0.188904 0.425254 0.104295 0.017174
0 0.242969 0.687351 0.028374 0.030615
0 0.262141 0.525314 0.016104 0.247162
0 0.285531 0.532034 0.059816 0.073925
0 0.284764 0.557049 0.019939 0.243429
0 0.267126 0.694818 0.019939 0.032109
0 0.300101 0.725433 0.018405 0.051523
0 0.280929 0.713486 0.013804 0.050030
0 0.307387 0.729540 0.025307 0.040323
0 0.312371 0.736260 0.012270 0.061231
0 0.324641 0.742234 0.012270 0.059737
0 0.311988 0.655242 0.066718 0.032109
0 0.333460 0.533901 0.009969 0.064217
0 0.298567 0.595131 0.015338 0.029869
0 0.303552 0.608946 0.028374 0.141129
0 0.313522 0.465576 0.039111 0.091846
0 0.321190 0.404346 0.028374 0.036589
0 0.369887 0.479764 0.010736 0.093339
0 0.586530 0.446535 0.025307 0.120968
0 0.598033 0.508886 0.029908 0.017174
0 0.696960 0.368130 0.069786 0.076165
0 0.675488 0.379704 0.016104 0.054510
0 0.732620 0.356930 0.059816 0.010454
0 0.675871 0.238575 0.016871 0.041069
0 0.726869 0.289725 0.026841 0.014934
0 0.634843 0.374104 0.075921 0.020908
0 0.287831 0.281511 0.111964 0.120968
0 0.460379 0.342742 0.141106 0.076165
0 0.328476 0.239695 0.088958 0.104540
0 0.344964 0.241562 0.049847 0.079898
0 0.340362 0.459229 0.017638 0.068698
0 0.352249 0.505526 0.038344 0.032855
0 0.373338 0.465203 0.045246 0.114994
0 0.368353 0.370370 0.041411 0.058244
0 0.404334 0.393892 0.125642 0.365143
0 0.409765 0.481631 0.024540 0.097073
0 0.388292 0.399866 0.064418 0.069444
0 0.643983 0.731033 0.033102 0.029869
0 0.642896 0.592518 0.033743 0.023148
0 0.598800 0.592518 0.106596 0.100806
0 0.610687 0.585424 0.013804 0.014934
0 0.606852 0.620893 0.036810 0.032109
0 0.594966 0.608572 0.091258 0.053763
0 0.547803 0.436081 0.036810 0.114994
0 0.559689 0.499179 0.043712 0.206840
0 0.499106 0.497312 0.014571 0.300179
0 0.584229 0.909498 0.040645 0.008961
0 0.529398 0.914352 0.016871 0.072431
0 0.510609 0.910992 0.052915 0.016428
0 0.550870 0.908751 0.016871 0.023895
0 0.420501 0.893070 0.024540 0.008961
0 0.441974 0.891204 0.035276 0.033602
0 0.424335 0.876643 0.026074 0.013441
0 0.458078 0.865815 0.012270 0.021655
0 0.471115 0.838934 0.012270 0.017174
0 0.441590 0.852001 0.029908 0.014934
0 0.512143 0.789651 0.046780 0.047043
0 0.568508 0.849014 0.092025 0.101553
0 0.576944 0.849388 0.046013 0.023148
0 0.569275 0.831467 0.141106 0.048536
0 0.481468 0.857602 0.040645 0.011201
0 0.368578 0.829413 0.030483 0.040323
0 0.531348 0.517753 0.091450 0.073365
0 0.663922 0.444948 0.016104 0.016241
0 0.689229 0.513833 0.013804 0.007280
0 0.683190 0.436828 0.020131 0.010081
0 0.685203 0.451669 0.017255 0.009521
0 0.684627 0.460349 0.013804 0.005600
0 0.686673 0.475844 0.014954 0.007841
0 0.687824 0.486111 0.011120 0.005227
0 0.689357 0.493578 0.011887 0.007467
0 0.426702 0.392958 0.018022 0.272924
0 0.415007 0.430108 0.080522 0.115741
0 0.447216 0.527367 0.013804 0.069071
0 0.476165 0.397065 0.021089 0.316980
0 0.459869 0.556116 0.025307 0.098193
0 0.342345 0.742421 0.020322 0.075792
0 0.344646 0.740741 0.039494 0.057497
0 0.346755 0.788157 0.026074 0.009707
0 0.359217 0.798051 0.036427 0.021281
0 0.389700 0.797304 0.070553 0.050403
0 0.375704 0.832587 0.014187 0.024642
0 0.367460 0.813919 0.026074 0.013441
0 0.456418 0.823813 0.019172 0.022775
0 0.405996 0.767622 0.015721 0.086619
0 0.394109 0.788157 0.056366 0.056750
0 0.462745 0.767062 0.034126 0.011574
0 0.436096 0.779943 0.027608 0.032855
0 0.440122 0.789091 0.025690 0.030989
0 0.425168 0.751941 0.016488 0.036589
0 0.422101 0.732900 0.008819 0.059737
0 0.393918 0.737941 0.013804 0.040696
0 0.369186 0.735700 0.022623 0.035469
0 0.371487 0.731033 0.025690 0.038829
0 0.388741 0.685297 0.010353 0.050403
0 0.370336 0.677643 0.022623 0.065711
0 0.328925 0.675963 0.022623 0.053390
0 0.310328 0.685857 0.015338 0.035096
0 0.348864 0.691644 0.028758 0.010081
0 0.354040 0.677083 0.017638 0.018295
0 0.534065 0.755862 0.091642 0.022775
0 0.560905 0.788904 0.039494 0.009707
0 0.470414 0.669990 0.036427 0.074298
0 0.408488 0.699298 0.027608 0.025388
0 0.514318 0.586544 0.028374 0.185932
0 0.517577 0.544728 0.034126 0.138142
0 0.430153 0.698925 0.046396 0.035842
0 0.461595 0.742234 0.060967 0.026882
0 0.527738 0.713112 0.062117 0.050777
0 0.474056 0.712739 0.068252 0.035842
0 0.510483 0.659349 0.105829 0.026882
0 0.589663 0.659722 0.034126 0.019415
0 0.542692 0.683804 0.055982 0.013814
0 0.573751 0.718713 0.048313 0.047043
0 0.329692 0.666629 0.010353 0.030989
0 0.326049 0.646655 0.025307 0.034349
0 0.318572 0.635641 0.015721 0.023522
0 0.400244 0.659536 0.014187 0.039949
0 0.440506 0.646841 0.021089 0.069818