0 0.014229 0.439964 0.011316 0.025090
0 0.062321 0.471326 0.016974 0.150538
0 0.111626 0.519713 0.016974 0.301075
0 0.143957 0.554211 0.026673 0.405914
0 0.164972 0.507616 0.021823 0.339606
0 0.210235 0.589606 0.018590 0.078853
0 0.179521 0.777330 0.012124 0.043907
0 0.209831 0.716398 0.022632 0.151434
0 0.220338 0.420699 0.019398 0.233871
0 0.229633 0.775090 0.023440 0.279570
0 0.236100 0.371416 0.010508 0.034946
0 0.253882 0.467294 0.020207 0.370072
0 0.272876 0.530018 0.025865 0.518817
0 0.282575 0.901434 0.016165 0.173835
0 0.302378 0.444892 0.012124 0.387993
0 0.323797 0.494624 0.033947 0.491039
0 0.334709 0.829749 0.013741 0.048387
0 0.346429 0.410394 0.029098 0.292115
0 0.355724 0.634857 0.015357 0.122760
0 0.390075 0.639337 0.022632 0.124552
0 0.394117 0.862903 0.019398 0.094982
0 0.438976 0.280914 0.013741 0.206989
0 0.443421 0.712814 0.019398 0.344982
0 0.472519 0.552867 0.016165 0.087814
0 0.482218 0.387097 0.017782 0.166667
0 0.472115 0.680556 0.015357 0.025986
0 0.490705 0.771953 0.013741 0.178315
0 0.510103 0.464606 0.015357 0.099462
0 0.527885 0.274642 0.023440 0.201613
0 0.569511 0.663978 0.021015 0.311828
0 0.601842 0.702957 0.017782 0.183692
0 0.542838 0.775090 0.017782 0.130824
0 0.527885 0.445341 0.016974 0.062724
0 0.562641 0.344534 0.018590 0.282258
0 0.590930 0.275986 0.021823 0.145161
0 0.594568 0.515233 0.025865 0.043011
0 0.626898 0.422939 0.024248 0.317204
0 0.656804 0.483423 0.025865 0.208781
0 0.667312 0.345878 0.017782 0.035842
0 0.694389 0.629032 0.016974 0.120072
0 0.686306 0.257616 0.020207 0.276882
0 0.717425 0.608423 0.024248 0.209677
0 0.624474 0.178763 0.014549 0.058244
0 0.761880 0.536290 0.017782 0.115591
0 0.740865 0.359319 0.014549 0.082437
0 0.757838 0.160394 0.014549 0.168459
0 0.763900 0.284498 0.015357 0.068996
0 0.778853 0.502688 0.012932 0.050179
0 0.789765 0.339606 0.018590 0.279570
0 0.839474 0.385753 0.022632 0.301971
0 0.809568 0.317652 0.019398 0.282258
0 0.866147 0.477599 0.014549 0.059140
0 0.875038 0.633513 0.014549 0.019713
0 0.490705 0.552419 0.020207 0.077957