0 0.446462 0.302419 0.026769 0.060036
0 0.536584 0.273297 0.039261 0.102151
0 0.570046 0.245968 0.018738 0.036738
0 0.600830 0.195789 0.023200 0.040323
0 0.526769 0.452061 0.032123 0.140681
0 0.808290 0.608423 0.025877 0.060932
0 0.709691 0.605735 0.060676 0.062724
0 0.633399 0.562276 0.029446 0.158602
0 0.635183 0.418459 0.063353 0.107527
0 0.661060 0.302867 0.036584 0.155914
0 0.686491 0.278674 0.024984 0.087814
0 0.416570 0.153674 0.016954 0.020609
0 0.388016 0.092294 0.024092 0.016129
0 0.404970 0.399194 0.015169 0.029570
0 0.321094 0.440860 0.025877 0.019713
0 0.449139 0.523297 0.064246 0.159498
0 0.609753 0.743728 0.066030 0.259857