0 0.048880 0.683692 0.017899 0.127240
0 0.260022 0.021057 0.013258 0.027778
0 0.254055 0.198925 0.015910 0.209677
0 0.240134 0.614247 0.013258 0.099462
0 0.198038 0.630376 0.017899 0.054659
0 0.102909 0.632616 0.007955 0.066308
0 0.094291 0.612007 0.017236 0.069892
0 0.198038 0.717742 0.009944 0.055556
0 0.234168 0.718638 0.010607 0.032258
0 0.358797 0.096326 0.015910 0.058244
0 0.351505 0.781810 0.013258 0.045699
0 0.274274 0.825269 0.027180 0.021505
0 0.213617 0.814068 0.009281 0.038530
0 0.201684 0.828853 0.015910 0.077061
0 0.370730 0.252240 0.025191 0.438172
0 0.362443 0.626344 0.025854 0.231183
0 0.368078 0.806004 0.041101 0.117384
0 0.430724 0.175179 0.011270 0.108423
0 0.476135 0.213710 0.014584 0.189068
0 0.480112 0.416219 0.009281 0.131720
0 0.482101 0.543907 0.010607 0.084229
0 0.486079 0.646505 0.014584 0.070789
0 0.482433 0.753136 0.013921 0.122760
0 0.488399 0.827957 0.013921 0.073477
0 0.697220 0.052867 0.015247 0.091398
0 0.709815 0.267025 0.031157 0.277778
0 0.755226 0.557348 0.021214 0.039427
0 0.726388 0.538530 0.031157 0.025090
0 0.719428 0.603943 0.009281 0.030466
0 0.721748 0.678763 0.009944 0.068996
0 0.722411 0.779570 0.013921 0.091398
0 0.945485 0.769713 0.023865 0.077061
0 0.896428 0.802867 0.017236 0.116487
0 0.846709 0.849014 0.019888 0.068996
0 0.629933 0.734319 0.018562 0.076165
0 0.091639 0.812724 0.018562 0.129032
0 0.081695 0.791667 0.014584 0.103047
0 0.179145 0.824373 0.009281 0.057348