0 0.192613 0.948477 0.384014 0.042115
0 0.198338 0.901882 0.041396 0.081541
0 0.244578 0.889337 0.040515 0.094086
0 0.265716 0.910394 0.049323 0.041219
0 0.290378 0.879928 0.059892 0.112903
0 0.429979 0.839606 0.094242 0.188172
0 0.408400 0.810484 0.024661 0.033154
0 0.478862 0.747760 0.193769 0.025986
0 0.638280 0.568100 0.036992 0.292115
0 0.571782 0.467294 0.039634 0.033154
0 0.679236 0.246864 0.039634 0.054659
0 0.773478 0.412186 0.154134 0.017921
0 0.765991 0.428315 0.119784 0.017921
0 0.557250 0.674283 0.035231 0.081541