0 0.596530 0.775090 0.056256 0.394265
0 0.285205 0.810036 0.157261 0.293907
0 0.174291 0.450717 0.306211 0.236559
0 0.310136 0.435484 0.076713 0.125448
0 0.217442 0.509409 0.104841 0.052867
0 0.299269 0.555108 0.058813 0.117384
0 0.189953 0.180556 0.274887 0.280466
0 0.635526 0.393369 0.060092 0.216846
0 0.508630 0.593190 0.249955 0.136201
0 0.735891 0.748208 0.118904 0.482079
0 0.720868 0.524642 0.033881 0.081541
0 0.811325 0.439964 0.046028 0.181004
0 0.879088 0.716846 0.121462 0.353047
0 0.957079 0.780018 0.047306 0.230287
0 0.561370 0.181900 0.460275 0.354839
0 0.735252 0.265681 0.182832 0.515233
0 0.685708 0.261649 0.028767 0.050179