0 0.026114 0.762993 0.013825 0.094086
0 0.066052 0.568996 0.044547 0.498208
0 0.108295 0.724462 0.032258 0.176523
0 0.173579 0.568100 0.029186 0.238351
0 0.190860 0.633961 0.049923 0.355735
0 0.221582 0.596326 0.048387 0.427419
0 0.226959 0.622312 0.028418 0.199821
0 0.254608 0.361559 0.013057 0.065412
0 0.253840 0.611559 0.025346 0.400538
0 0.268049 0.793459 0.013825 0.042115
0 0.311444 0.706541 0.025346 0.212366
0 0.329109 0.652330 0.011521 0.098566
0 0.337558 0.766129 0.020737 0.098566
0 0.348694 0.776434 0.013825 0.022401
0 0.428955 0.581093 0.063748 0.468638
0 0.426651 0.699821 0.017665 0.227599
0 0.465054 0.783602 0.051459 0.054659
0 0.473502 0.793459 0.013057 0.047491
0 0.534562 0.791219 0.013825 0.032258
0 0.570661 0.808244 0.010753 0.025090
0 0.615207 0.735215 0.030722 0.068996
0 0.667819 0.797491 0.011521 0.032258
0 0.655530 0.763441 0.014593 0.075269
0 0.643625 0.780914 0.019969 0.031362
0 0.630568 0.587814 0.010753 0.017921
0 0.635177 0.533602 0.061444 0.103047
0 0.690860 0.577957 0.040707 0.175627
0 0.672043 0.387545 0.026114 0.183692
0 0.680492 0.433692 0.035330 0.263441
0 0.699309 0.756720 0.017665 0.117384
0 0.724654 0.757616 0.023810 0.122760
0 0.739247 0.777330 0.013057 0.072581
0 0.753456 0.779570 0.016897 0.068100
0 0.797619 0.789427 0.013057 0.050179
0 0.817204 0.795699 0.013825 0.043011
0 0.877880 0.492384 0.055300 0.475806
0 0.883257 0.584229 0.021505 0.464158
0 0.905146 0.737007 0.025346 0.144265