0 0.106992 0.401434 0.037429 0.035842
0 0.077583 0.365143 0.023171 0.020609
0 0.107883 0.331989 0.014259 0.015233
0 0.150214 0.325717 0.029409 0.022401
0 0.334687 0.067652 0.090009 0.027778
0 0.407318 0.058692 0.058817 0.047491
0 0.537875 0.063620 0.040103 0.030466
0 0.647044 0.084229 0.053470 0.023297
0 0.572185 0.085573 0.032082 0.011649
0 0.595801 0.063172 0.036538 0.034946
0 0.745518 0.073925 0.034756 0.022401
0 0.166701 0.514785 0.026735 0.024194
0 0.516041 0.453853 0.024953 0.020609
0 0.436727 0.375896 0.021388 0.025986
0 0.072236 0.212814 0.019606 0.015233
0 0.142194 0.036738 0.027626 0.012545
0 0.811020 0.454301 0.023171 0.016129
0 0.582879 0.489247 0.019606 0.019713
0 0.692494 0.500000 0.017823 0.017921
0 0.818595 0.537634 0.020497 0.023297
0 0.840874 0.604391 0.022279 0.024194
0 0.887215 0.657706 0.024062 0.019713
0 0.944250 0.562724 0.011585 0.025090
0 0.934002 0.533602 0.014259 0.020609
0 0.556590 0.533154 0.016932 0.014337
0 0.518715 0.527778 0.021388 0.017921
0 0.922862 0.784946 0.015150 0.014337
0 0.438509 0.638889 0.023171 0.023297
0 0.486187 0.667563 0.027626 0.019713
0 0.415784 0.622312 0.022279 0.015233
0 0.283890 0.474910 0.020497 0.012545
0 0.234876 0.585573 0.015150 0.022401
0 0.108329 0.557796 0.018715 0.015233
0 0.139966 0.526882 0.017823 0.014337
0 0.115013 0.662634 0.024953 0.024194
0 0.213042 0.732527 0.021388 0.020609
0 0.204130 0.657258 0.021388 0.020609
0 0.239332 0.634409 0.027626 0.016129
0 0.289237 0.685036 0.024062 0.020609
0 0.296367 0.719982 0.036538 0.027778
0 0.700514 0.714606 0.021388 0.011649
0 0.468363 0.725358 0.018715 0.025986
0 0.639023 0.860663 0.017823 0.017025
0 0.585107 0.805556 0.024062 0.016129
0 0.545450 0.841846 0.024953 0.020609
0 0.483959 0.867384 0.023171 0.021505
0 0.481731 0.824821 0.031191 0.022401
0 0.419349 0.823477 0.029409 0.017921
0 0.381919 0.715950 0.020497 0.014337
0 0.421577 0.774642 0.021388 0.018817
0 0.303496 0.798387 0.024062 0.017921
0 0.274087 0.770609 0.018715 0.014337
0 0.244233 0.797043 0.030300 0.018817
0 0.235767 0.807796 0.015150 0.024194
0 0.180068 0.825269 0.024953 0.017921
0 0.189426 0.868280 0.032973 0.025090
0 0.147095 0.828405 0.014259 0.018817
0 0.174721 0.793459 0.021388 0.017025
0 0.106992 0.794803 0.032082 0.032258
0 0.118577 0.778674 0.026735 0.026882
0 0.102536 0.779570 0.028518 0.028674
0 0.064661 0.740591 0.020497 0.018817
0 0.032134 0.721774 0.017823 0.017025
0 0.030797 0.698029 0.018715 0.026882
0 0.268295 0.859767 0.017823 0.018817
0 0.299486 0.840054 0.023171 0.024194
0 0.874739 0.823477 0.013368 0.159498
0 0.850677 0.827957 0.018715 0.111111
0 0.653728 0.804659 0.016932 0.313620
0 0.701405 0.854391 0.012476 0.248208
0 0.684473 0.871864 0.016041 0.197133
0 0.629666 0.912634 0.013368 0.103047
0 0.606941 0.823477 0.017823 0.019713
0 0.590454 0.895161 0.016932 0.132616
0 0.571294 0.909946 0.023171 0.103047
0 0.558372 0.844982 0.024062 0.234767
0 0.516041 0.784050 0.019606 0.340502
0 0.475938 0.857975 0.014259 0.192652
0 0.715664 0.849910 0.021388 0.228495
0 0.730814 0.856183 0.017823 0.226703
0 0.752202 0.828853 0.014259 0.292115
0 0.768689 0.785394 0.020497 0.208781
0 0.790077 0.797939 0.018715 0.172939
0 0.907267 0.831093 0.017823 0.124552
0 0.815921 0.831989 0.024062 0.119176
0 0.454105 0.821685 0.018715 0.259857
0 0.434944 0.821237 0.019606 0.253584
0 0.414893 0.801971 0.016932 0.284946
0 0.397961 0.788082 0.020497 0.323477
0 0.370780 0.797043 0.014259 0.291219
0 0.350283 0.773746 0.021388 0.312724
0 0.327112 0.749104 0.016041 0.302867
0 0.295476 0.882168 0.018715 0.112007
0 0.262056 0.791667 0.016041 0.289427
0 0.276761 0.840054 0.016932 0.196237
0 0.234876 0.827957 0.024062 0.202509
0 0.191208 0.826613 0.018715 0.210573
0 0.129272 0.866039 0.019606 0.015233
0 0.161354 0.870520 0.021388 0.020609
0 0.032579 0.843190 0.022279 0.161290
0 0.050403 0.854391 0.020497 0.018817
0 0.065553 0.875000 0.024062 0.024194
0 0.407318 0.336470 0.021388 0.027778
0 0.382811 0.342742 0.018715 0.009857
0 0.080703 0.574821 0.027626 0.056452
0 0.171602 0.818548 0.009803 0.219534
0 0.160017 0.825269 0.013368 0.200717
0 0.145313 0.819444 0.014259 0.196237
0 0.106101 0.856183 0.019606 0.124552