0 0.165116 0.607527 0.016336 0.034050
0 0.230005 0.396953 0.049915 0.030466
0 0.226375 0.567652 0.028134 0.013441
0 0.263584 0.541667 0.071696 0.045699
0 0.293533 0.141577 0.104368 0.025090
0 0.377481 0.112455 0.045377 0.020609
0 0.348894 0.275090 0.137039 0.347670
0 0.369313 0.204749 0.143392 0.155018
0 0.421951 0.296147 0.049007 0.103047
0 0.364776 0.380376 0.074419 0.052867
0 0.318491 0.539875 0.023596 0.251792
0 0.422405 0.485663 0.026319 0.028674
0 0.444186 0.483423 0.031764 0.120968
0 0.549007 0.465950 0.018151 0.060932
0 0.624787 0.599910 0.073511 0.031362
0 0.680602 0.614695 0.041747 0.232975
0 0.773625 0.486559 0.019058 0.043011
0 0.853489 0.516129 0.058990 0.100358
0 0.889791 0.507168 0.013613 0.048387
0 0.502269 0.660842 0.029949 0.036738
0 0.662904 0.745072 0.020874 0.020609
0 0.451446 0.605735 0.073511 0.053763