0 0.970817 0.844086 0.016966 0.098566
0 0.965162 0.744176 0.036761 0.266129
0 0.988491 0.454749 0.016966 0.301971
0 0.983542 0.168459 0.018380 0.143369
0 0.942894 0.576613 0.060089 0.597670
0 0.912142 0.695341 0.066452 0.374552
0 0.920625 0.217294 0.031105 0.196237
0 0.853113 0.276434 0.026157 0.323477
0 0.857001 0.431900 0.019794 0.267025
0 0.869373 0.590054 0.014846 0.090502
0 0.855234 0.724462 0.024743 0.316308
0 0.836147 0.685484 0.023329 0.116487
0 0.814232 0.689068 0.017673 0.082437
0 0.830845 0.572133 0.024036 0.137097
0 0.812818 0.845430 0.017673 0.106631
0 0.814939 0.328405 0.021915 0.348566
0 0.756970 0.130824 0.021915 0.069892
0 0.759798 0.850806 0.019087 0.085125
0 0.792317 0.868280 0.027570 0.048387
0 0.771462 0.788978 0.022622 0.192652
0 0.754142 0.594534 0.023329 0.181900
0 0.741064 0.628136 0.021208 0.241935
0 0.732581 0.806004 0.009897 0.052867
0 0.751668 0.772849 0.026863 0.228495
0 0.717735 0.296147 0.018380 0.146057
0 0.740004 0.435484 0.013432 0.109319
0 0.725158 0.397849 0.014846 0.069892
0 0.723744 0.689964 0.021915 0.388889
0 0.701829 0.763889 0.031812 0.248208
0 0.715615 0.533154 0.018380 0.249104
0 0.697588 0.515233 0.045951 0.401434
0 0.703597 0.193548 0.026863 0.143369
0 0.664715 0.496416 0.029691 0.775986
0 0.660827 0.213262 0.026157 0.182796
0 0.650577 0.479391 0.028277 0.349462
0 0.635024 0.190412 0.014139 0.183692
0 0.629722 0.709677 0.014846 0.363799
0 0.614170 0.578853 0.044537 0.594982
0 0.606040 0.386201 0.031105 0.279570
0 0.577056 0.491487 0.036761 0.778674
0 0.571400 0.522849 0.024036 0.703405
0 0.521561 0.340502 0.038881 0.372760
0 0.538528 0.437724 0.026157 0.577957
0 0.524743 0.812276 0.024036 0.169355
0 0.519794 0.842742 0.016966 0.122760
0 0.497172 0.402778 0.038174 0.604839
0 0.476671 0.339606 0.026863 0.480287
0 0.458644 0.155914 0.017673 0.112903
0 0.495051 0.795699 0.022622 0.182796
0 0.453696 0.762993 0.020501 0.221326
0 0.462179 0.605287 0.037467 0.386201
0 0.463239 0.360215 0.021208 0.096774
0 0.422944 0.827061 0.018380 0.120072
0 0.417996 0.693996 0.015553 0.045699
0 0.401383 0.837814 0.026157 0.102151
0 0.401736 0.409498 0.031105 0.621864
0 0.429307 0.348118 0.024036 0.490143
0 0.362148 0.852599 0.012725 0.068996
0 0.368510 0.831093 0.014139 0.119176
0 0.381589 0.848566 0.019087 0.087814
0 0.414108 0.445789 0.023329 0.465054
0 0.362501 0.434588 0.041709 0.103943
0 0.363562 0.520161 0.014139 0.086918
0 0.348716 0.310484 0.012725 0.033154
0 0.320086 0.369176 0.019087 0.145161
0 0.312309 0.550627 0.014846 0.101254
0 0.342000 0.766129 0.019087 0.172043
0 0.321853 0.858423 0.016966 0.064516
0 0.291101 0.567204 0.013432 0.064516
0 0.304533 0.841846 0.014846 0.043907
0 0.292515 0.757168 0.026157 0.270609
0 0.259996 0.721774 0.038881 0.165771
0 0.279437 0.464158 0.022622 0.344086
0 0.265652 0.509857 0.024743 0.252688
0 0.246918 0.581541 0.045244 0.573477
0 0.224650 0.630824 0.041709 0.521505
0 0.199200 0.596326 0.026157 0.590502
0 0.181880 0.576165 0.018380 0.557348
0 0.167034 0.411738 0.016966 0.233871
0 0.164560 0.619624 0.014846 0.083333
0 0.064529 0.428763 0.026863 0.251792
0 0.076194 0.814964 0.021915 0.160394
0 0.163500 0.819892 0.024036 0.166667
0 0.138757 0.689516 0.033933 0.176523
0 0.115782 0.765681 0.017673 0.208781
0 0.124972 0.599014 0.028984 0.595878
0 0.099169 0.655018 0.018380 0.480287
0 0.057460 0.751792 0.012725 0.080645
0 0.040847 0.598118 0.027570 0.581541
0 0.039080 0.603495 0.021208 0.051075
0 0.034485 0.762097 0.016259 0.266129
0 0.014690 0.513889 0.023329 0.767921