0 0.327998 0.221774 0.049400 0.097670
0 0.299257 0.355287 0.026047 0.176523
0 0.412427 0.190412 0.042214 0.117384
0 0.344166 0.266129 0.081734 0.026882
0 0.329346 0.510305 0.028742 0.264337
0 0.406589 0.293907 0.019760 0.069892
0 0.478444 0.112007 0.025149 0.050179
0 0.569609 0.138889 0.011676 0.023297
0 0.615416 0.163082 0.018862 0.025090
0 0.537274 0.458333 0.017065 0.065412
0 0.445211 0.440412 0.025149 0.194444
0 0.494611 0.642473 0.030538 0.034050
0 0.466318 0.569892 0.038622 0.021505
0 0.603291 0.587366 0.057484 0.018817
0 0.663020 0.586022 0.033233 0.232975
0 0.747449 0.446237 0.018862 0.062724
0 0.808076 0.497312 0.082633 0.154122
0 0.822447 0.326165 0.026945 0.170251
0 0.422756 0.473566 0.017964 0.029570
0 0.281742 0.159946 0.044909 0.020609