0 0.084795 0.425179 0.009895 0.036738
0 0.094310 0.444892 0.013701 0.051075
0 0.099638 0.593638 0.016745 0.031362
0 0.149112 0.569892 0.015223 0.111111
0 0.162051 0.395161 0.015223 0.037634
0 0.208862 0.621416 0.014462 0.052867
0 0.152157 0.486111 0.019790 0.018817
0 0.361472 0.751344 0.025879 0.074373
0 0.393820 0.758513 0.061653 0.124552
0 0.514462 0.810932 0.013701 0.073477
0 0.549583 0.631272 0.013918 0.223118
0 0.616836 0.738799 0.025118 0.357527
0 0.690667 0.723118 0.025118 0.267025
0 0.712360 0.468190 0.021312 0.228495
0 0.719971 0.691756 0.016745 0.064516
0 0.748514 0.654122 0.014462 0.050179
0 0.782765 0.688172 0.017506 0.059140
0 0.754603 0.762993 0.011417 0.025986
0 0.741664 0.719086 0.012939 0.067204
0 0.784668 0.510305 0.018267 0.074373
0 0.821964 0.481183 0.025879 0.107527
0 0.837187 0.531362 0.033490 0.037634
0 0.865730 0.564068 0.032729 0.230287
0 0.478307 0.333781 0.022073 0.085125
0 0.409043 0.394265 0.009895 0.032258
0 0.361472 0.389337 0.012178 0.033154
0 0.553280 0.371416 0.016745 0.038530
0 0.557969 0.633401 0.012369 0.222894