0 0.048501 0.336394 0.009856 0.112564
0 0.079884 0.379448 0.014524 0.126050
0 0.152505 0.415240 0.026974 0.172736
0 0.061728 0.343656 0.012449 0.128125
0 0.171076 0.259553 0.008230 0.065256
0 0.130560 0.283657 0.011268 0.068587
0 0.113659 0.370860 0.031354 0.113659
0 0.113904 0.413727 0.028905 0.017147
0 0.109249 0.280227 0.014697 0.057809
0 0.142563 0.281942 0.009798 0.079855
0 0.185675 0.273124 0.013717 0.108270
0 0.202822 0.321380 0.031354 0.126396
0 0.237605 0.475946 0.025475 0.121007
0 0.239565 0.506565 0.013717 0.041152
0 0.202577 0.273124 0.008328 0.064178
0 0.277288 0.504115 0.023516 0.048991
0 0.232216 0.286841 0.037233 0.132765
0 0.272879 0.389967 0.024495 0.061728
0 0.240300 0.263570 0.016167 0.139134
0 0.232216 0.270919 0.020576 0.070547
0 0.261121 0.241035 0.023516 0.038213
0 0.247403 0.372330 0.012738 0.060749
0 0.194983 0.447286 0.049971 0.094062
0 0.192534 0.456349 0.018617 0.075936
0 0.214090 0.461738 0.014697 0.104350
0 0.265040 0.213355 0.019596 0.048501
0 0.287576 0.234911 0.037233 0.101411
0 0.288801 0.209926 0.017147 0.070057
0 0.311092 0.344405 0.072506 0.072506
0 0.361797 0.385313 0.018127 0.018127
0 0.313786 0.217274 0.011268 0.113169
0 0.322359 0.266755 0.024495 0.211150
0 0.316236 0.457574 0.018127 0.163629
0 0.334852 0.460024 0.018127 0.166569
0 0.339751 0.233196 0.015187 0.157750
0 0.363757 0.243239 0.004409 0.054380
0 0.360572 0.159465 0.011758 0.019106
0 0.367921 0.237360 0.012738 0.184695
0 0.379434 0.166814 0.015187 0.057319
0 0.409073 0.524936 0.006859 0.032824
0 0.364736 0.475701 0.014207 0.030374
0 0.365716 0.507790 0.006369 0.021066
0 0.388252 0.368901 0.013228 0.065648
0 0.347345 0.334117 0.033314 0.029394
0 0.346120 0.314766 0.053400 0.045561
0 0.327503 0.357633 0.015187 0.021556
0 0.382618 0.433568 0.009798 0.048991
0 0.354448 0.425240 0.008328 0.021556
0 0.364002 0.438957 0.010778 0.024495
0 0.382128 0.197188 0.026455 0.113169
0 0.387517 0.288801 0.033314 0.194493
0 0.417646 0.210905 0.023026 0.076916
0 0.411278 0.247893 0.009308 0.182246
0 0.423525 0.186410 0.015187 0.134725
0 0.458064 0.144523 0.010778 0.072506
0 0.444102 0.221928 0.025965 0.048011
0 0.437978 0.192534 0.009798 0.062708
0 0.445816 0.265530 0.015677 0.080345
0 0.453165 0.164364 0.024495 0.067117
0 0.470557 0.260876 0.023026 0.123947
0 0.461493 0.267000 0.024495 0.103860
0 0.469332 0.170978 0.010778 0.125416
0 0.480355 0.167793 0.018127 0.135704
0 0.494317 0.174407 0.015677 0.168528
0 0.497257 0.329708 0.015677 0.082305
0 0.436263 0.311581 0.029884 0.049971
0 0.430629 0.254262 0.027435 0.094062
0 0.453655 0.365716 0.011758 0.055360
0 0.440917 0.458064 0.017637 0.127376
0 0.475456 0.370370 0.010288 0.070547
0 0.465413 0.338771 0.016657 0.037723
0 0.478885 0.457084 0.024985 0.034294
0 0.497012 0.521997 0.014207 0.041642
0 0.499461 0.581521 0.011268 0.037233
0 0.474966 0.539144 0.019106 0.113169
0 0.561189 0.154076 0.009308 0.145503
0 0.519302 0.158485 0.016657 0.021066
0 0.509994 0.153341 0.025475 0.061728
0 0.509994 0.228297 0.020576 0.126396
0 0.517098 0.211885 0.015187 0.058299
0 0.541348 0.279492 0.008818 0.052420
0 0.530570 0.255977 0.017637 0.046541
0 0.552616 0.212865 0.010778 0.260141
0 0.536939 0.150157 0.013717 0.121987
0 0.580296 0.165344 0.020086 0.171958
0 0.535714 0.403439 0.020086 0.132765
0 0.551636 0.412013 0.015677 0.078385
0 0.561924 0.257447 0.017637 0.048501
0 0.564619 0.366941 0.017147 0.200862
0 0.578826 0.372085 0.014207 0.208211
0 0.593278 0.162894 0.016657 0.061238
0 0.593523 0.145503 0.023026 0.061728
0 0.629532 0.133745 0.009798 0.088183
0 0.611405 0.128111 0.021556 0.073976
0 0.603077 0.184205 0.016657 0.094062
0 0.639540 0.272529 0.009238 0.120097
0 0.635341 0.165659 0.011758 0.088603
0 0.639120 0.103511 0.010078 0.033174
0 0.649618 0.121777 0.010078 0.051230
0 0.658226 0.153481 0.011338 0.050810
0 0.664315 0.196208 0.018477 0.059839
0 0.656127 0.277988 0.009658 0.068027
0 0.669564 0.119468 0.026455 0.082724
0 0.680482 0.201562 0.018896 0.072226
0 0.687831 0.115058 0.016797 0.078105
0 0.598807 0.297094 0.014277 0.119678
0 0.605106 0.245864 0.015117 0.030654
0 0.624003 0.284287 0.007559 0.037793
0 0.614554 0.280297 0.022256 0.070967
0 0.635970 0.364491 0.007979 0.042832
0 0.611615 0.353154 0.009658 0.046191
0 0.614135 0.446586 0.012178 0.073486
0 0.642899 0.419921 0.014277 0.039473
0 0.639540 0.466952 0.017637 0.026875
0 0.651927 0.353783 0.019736 0.069287
0 0.664105 0.297514 0.011338 0.077685
0 0.664105 0.365121 0.007979 0.034014
0 0.664105 0.420971 0.019736 0.053330
0 0.671874 0.458764 0.022676 0.018057
0 0.713236 0.485639 0.024775 0.027295
0 0.664735 0.473671 0.009238 0.026875
0 0.654657 0.493407 0.015117 0.053750
0 0.673553 0.322499 0.011758 0.088183
0 0.688041 0.265810 0.012178 0.026875
0 0.685731 0.292055 0.009238 0.025615
0 0.700218 0.278828 0.006299 0.049551
0 0.709457 0.184135 0.008818 0.073486
0 0.699379 0.203032 0.009658 0.092803
0 0.676283 0.234736 0.011338 0.080625
0 0.719955 0.187915 0.012178 0.070127
0 0.729403 0.291005 0.010078 0.064668
0 0.719745 0.289536 0.013437 0.103721
0 0.704628 0.312421 0.023516 0.059629
0 0.726044 0.420551 0.009238 0.076006
0 0.682792 0.337826 0.019316 0.062568
0 0.682372 0.431049 0.012598 0.039053
0 0.697384 0.328116 0.048501 0.094797
0 0.731922 0.181878 0.017637 0.060994
0 0.737801 0.126764 0.020576 0.063933
0 0.762419 0.196576 0.012493 0.068342
0 0.740006 0.259039 0.013228 0.041887
0 0.744415 0.193269 0.014697 0.073486
0 0.729350 0.220459 0.025720 0.024985
0 0.802469 0.254630 0.026455 0.087449
0 0.802102 0.487213 0.018372 0.082305
0 0.878895 0.498604 0.013228 0.071282
0 0.745885 0.406746 0.019106 0.112434
0 0.741476 0.372575 0.014697 0.070547
0 0.746987 0.303498 0.019841 0.041152
0 0.784465 0.346855 0.024250 0.088183
0 0.769400 0.344650 0.030864 0.085244
0 0.812757 0.356041 0.011758 0.062463
0 0.825617 0.336199 0.012493 0.074221
0 0.826352 0.414462 0.009553 0.066138
0 0.839212 0.581276 0.014697 0.051440
0 0.708039 0.116476 0.025720 0.059524
0 0.762787 0.266387 0.016167 0.052175
0 0.781893 0.194371 0.020576 0.046296
0 0.857269 0.469892 0.011338 0.073066
0 0.842152 0.374150 0.013857 0.045351
0 0.816327 0.453200 0.015117 0.074956
0 0.836483 0.506425 0.011338 0.035273
0 0.897896 0.575712 0.014487 0.071807
0 0.861048 0.579491 0.015117 0.115898
0 0.442807 0.576342 0.017637 0.107080
0 0.151172 0.594923 0.030234 0.061099
0 0.154636 0.572562 0.017007 0.084404
0 0.513668 0.465168 0.018267 0.076216
0 0.896321 0.502960 0.017637 0.062358
0 0.084719 0.450050 0.014487 0.054800