0 0.037998 0.373108 0.006979 0.011450
0 0.048965 0.409697 0.011964 0.021904
0 0.061427 0.404719 0.015952 0.064715
0 0.092584 0.395759 0.007478 0.020908
0 0.077629 0.377091 0.007478 0.016428
0 0.084359 0.472919 0.010967 0.030864
0 0.086103 0.434837 0.016451 0.102051
0 0.095575 0.511748 0.008475 0.020908
0 0.102638 0.415093 0.007275 0.087668
0 0.101062 0.494769 0.009943 0.060544
0 0.108822 0.428897 0.011398 0.094934
0 0.118644 0.416667 0.010671 0.057880
0 0.117432 0.471762 0.007760 0.016952
0 0.129679 0.490046 0.007033 0.032694
0 0.122646 0.539935 0.006063 0.040928
0 0.127617 0.577715 0.005335 0.015742
0 0.133316 0.544536 0.005093 0.022523
0 0.139015 0.574688 0.010671 0.024702
0 0.138167 0.598542 0.003153 0.005570
0 0.136711 0.389664 0.006548 0.021312
0 0.135499 0.429381 0.011398 0.048920
0 0.137318 0.493074 0.009216 0.033421
0 0.167511 0.409522 0.006548 0.023249
0 0.167632 0.430955 0.006305 0.008961
0 0.161933 0.397171 0.008003 0.026155
0 0.152232 0.400441 0.008488 0.029303
0 0.152717 0.471520 0.010913 0.093481
0 0.145927 0.458684 0.011398 0.075075
0 0.147140 0.552771 0.006548 0.080645
0 0.150171 0.584617 0.006790 0.039233
0 0.140834 0.537271 0.008003 0.016226
0 0.175150 0.390996 0.004850 0.018163
0 0.179030 0.481207 0.007275 0.027124
0 0.173210 0.485082 0.004850 0.011140
0 0.169694 0.522862 0.008488 0.049889
0 0.155021 0.543810 0.006790 0.030272
0 0.160389 0.582788 0.008796 0.036060
0 0.192611 0.492347 0.005820 0.017921
0 0.187882 0.484840 0.006063 0.021312
0 0.196128 0.431440 0.007033 0.048678
0 0.204252 0.418241 0.008731 0.077981
0 0.209466 0.399956 0.011883 0.011867
0 0.212255 0.418120 0.008246 0.030757
0 0.212497 0.450814 0.005335 0.031241
0 0.218318 0.466192 0.007760 0.051342
0 0.215635 0.524783 0.005982 0.053732
0 0.202750 0.519828 0.008283 0.084781
0 0.207122 0.529363 0.009663 0.016543
0 0.214024 0.581863 0.007823 0.017232
0 0.223112 0.574166 0.005752 0.011028
0 0.176522 0.593236 0.014265 0.017921
0 0.216210 0.602426 0.014955 0.016543
0 0.202290 0.601163 0.004602 0.024584
0 0.168699 0.616327 0.003221 0.012177
0 0.173646 0.608170 0.003451 0.007352
0 0.228519 0.474451 0.010123 0.036302
0 0.244970 0.507077 0.010354 0.027111
0 0.250032 0.441251 0.010814 0.062724
0 0.239333 0.432060 0.014725 0.017691
0 0.274765 0.487432 0.003681 0.020448
0 0.269128 0.493865 0.004832 0.025044
0 0.277871 0.515003 0.006212 0.026422
0 0.261881 0.536486 0.008743 0.028031
0 0.312728 0.568537 0.010123 0.032396
0 0.335736 0.588641 0.007823 0.042276
0 0.279482 0.578302 0.012654 0.020219
0 0.244740 0.577497 0.010814 0.021368
0 0.264872 0.572902 0.003681 0.014475
0 0.273615 0.556245 0.005062 0.010109
0 0.256359 0.563597 0.005062 0.009650
0 0.287419 0.600244 0.011504 0.024584
0 0.267172 0.447454 0.009203 0.057210
0 0.258544 0.439757 0.009893 0.066630
0 0.227369 0.381169 0.011504 0.011947
0 0.214139 0.383007 0.011734 0.014705
0 0.235767 0.400239 0.008513 0.013326
0 0.260500 0.392772 0.008743 0.023665
0 0.276261 0.386339 0.009893 0.016313
0 0.301569 0.483986 0.012194 0.028260
0 0.276491 0.460551 0.009433 0.031477
0 0.338727 0.445846 0.007823 0.023665
0 0.334010 0.483641 0.007132 0.023895
0 0.312958 0.399320 0.005522 0.013326
0 0.328373 0.386453 0.006902 0.009650
0 0.334240 0.380824 0.006212 0.010339
0 0.320551 0.463422 0.007363 0.020678
0 0.317329 0.502252 0.008283 0.033085
0 0.309967 0.517760 0.005062 0.017232
0 0.257164 0.611846 0.006212 0.013785
0 0.348860 0.534316 0.008308 0.023895
0 0.353181 0.423470 0.013626 0.069030
0 0.377275 0.426125 0.007976 0.055091
0 0.372955 0.386798 0.013958 0.017589
0 0.362818 0.388955 0.014955 0.025222
0 0.351851 0.493827 0.008973 0.051108
0 0.360658 0.486194 0.007976 0.075667
0 0.373952 0.499469 0.009305 0.045798
0 0.383091 0.492997 0.009638 0.047458
0 0.361821 0.545267 0.006979 0.013275
0 0.367803 0.543608 0.013626 0.045135
0 0.378604 0.537303 0.007311 0.031860
0 0.392729 0.559704 0.004320 0.013607
0 0.372788 0.586752 0.009638 0.019249
0 0.400871 0.518054 0.007311 0.025886
0 0.423137 0.422972 0.008641 0.040820
0 0.419315 0.541285 0.006314 0.046462
0 0.426128 0.556385 0.008641 0.022899
0 0.409345 0.541949 0.008308 0.042480
0 0.478970 0.605668 0.007976 0.017257
0 0.415161 0.485862 0.007976 0.047790
0 0.393726 0.433094 0.010967 0.045135
0 0.384088 0.444212 0.007644 0.039493
0 0.402791 0.387825 0.010095 0.009521
0 0.401109 0.393985 0.015703 0.015121
0 0.411872 0.424848 0.007413 0.042465
0 0.439572 0.609124 0.005852 0.011298
0 0.423967 0.582437 0.013655 0.017921
0 0.439829 0.527288 0.015730 0.057225
0 0.458738 0.421836 0.017256 0.081334
0 0.502913 0.413565 0.005522 0.013096
0 0.499807 0.435105 0.005522 0.021023
0 0.511541 0.433554 0.008283 0.069617
0 0.502223 0.516267 0.006902 0.028950
0 0.421466 0.459229 0.008283 0.015509
0 0.463915 0.531086 0.014495 0.059278
0 0.494803 0.543493 0.009318 0.022746
0 0.520169 0.428729 0.010354 0.055142
0 0.525864 0.476634 0.005867 0.018610
0 0.534837 0.507651 0.006557 0.022057
0 0.536562 0.475083 0.007247 0.018266
0 0.539323 0.399090 0.009318 0.019989
0 0.544155 0.450958 0.007938 0.056176
0 0.520169 0.510580 0.008283 0.013441
0 0.540531 0.569513 0.006212 0.022401
0 0.528625 0.544010 0.007247 0.038944
0 0.520859 0.541081 0.007593 0.021368
0 0.516718 0.560553 0.008283 0.013441
0 0.523620 0.575545 0.010354 0.011028
0 0.513267 0.602599 0.005522 0.012062
0 0.503078 0.579802 0.007917 0.018448
0 0.497404 0.607342 0.009765 0.020293
0 0.541477 0.506404 0.010820 0.048756
0 0.557444 0.485452 0.006334 0.048493
0 0.563646 0.529728 0.007126 0.071685
0 0.572223 0.413372 0.010029 0.044012
0 0.569320 0.485979 0.007917 0.092768
0 0.562854 0.446843 0.008181 0.026091
0 0.576446 0.526170 0.008445 0.040850
0 0.590697 0.385305 0.007390 0.015813
0 0.581724 0.397955 0.009501 0.023719
0 0.559423 0.411791 0.010293 0.027672
0 0.562590 0.381615 0.008709 0.007379
0 0.421265 0.382406 0.006862 0.008961
0 0.414667 0.388599 0.012668 0.017658
0 0.509016 0.382406 0.007653 0.011069
0 0.589773 0.413109 0.006598 0.026618
0 0.587530 0.439332 0.012140 0.032680
0 0.583571 0.451718 0.004750 0.029517
0 0.580273 0.468717 0.006070 0.014495
0 0.578953 0.488088 0.015571 0.035315
0 0.578029 0.495862 0.008445 0.016076
0 0.583835 0.536448 0.006334 0.015022
0 0.605080 0.502620 0.009765 0.077935
0 0.587926 0.519318 0.005542 0.026618
0 0.625006 0.387545 0.012668 0.020293
0 0.636750 0.381351 0.008181 0.006325
0 0.622103 0.388467 0.008445 0.012650
0 0.570772 0.586390 0.009237 0.024246
0 0.612866 0.576244 0.014779 0.018712
0 0.573807 0.608397 0.004223 0.019766
0 0.530525 0.586127 0.005278 0.010542
0 0.556124 0.596142 0.007390 0.017394
0 0.548999 0.577562 0.010557 0.015022
0 0.548471 0.594560 0.007390 0.018448
0 0.529205 0.608792 0.006862 0.007379
0 0.473256 0.577298 0.007917 0.013968
0 0.591489 0.480840 0.007917 0.043485
0 0.458213 0.607342 0.015835 0.011860
0 0.661297 0.413565 0.012424 0.047790
0 0.661527 0.485250 0.007363 0.033085
0 0.642430 0.496048 0.005982 0.071685
0 0.658536 0.528214 0.007363 0.022976
0 0.651863 0.515118 0.009203 0.036302
0 0.649102 0.474336 0.008283 0.039289
0 0.646456 0.559232 0.015875 0.026652
0 0.657385 0.553488 0.011504 0.041356
0 0.661872 0.595878 0.004832 0.024125
0 0.647377 0.590364 0.009433 0.035153
0 0.674756 0.575315 0.005752 0.034923
0 0.672800 0.521322 0.012884 0.015624
0 0.663482 0.520403 0.006672 0.040437
0 0.701560 0.505813 0.007363 0.055372
0 0.685110 0.493061 0.008053 0.020219
0 0.688101 0.446880 0.019096 0.102013
0 0.720312 0.500988 0.009433 0.042505
0 0.696729 0.418390 0.011504 0.056521
0 0.737913 0.543838 0.003681 0.018381
0 0.734116 0.545906 0.008053 0.019300
0 0.727329 0.546480 0.012884 0.042046
0 0.743434 0.548318 0.008283 0.060426
0 0.712489 0.579106 0.005752 0.013556
0 0.684880 0.579565 0.007132 0.010799
0 0.755168 0.586688 0.007363 0.014015
0 0.748611 0.591053 0.005292 0.016772
0 0.741249 0.587607 0.005752 0.020448
0 0.730665 0.603920 0.008973 0.025044
0 0.725373 0.578761 0.006212 0.015164
0 0.618272 0.526721 0.005522 0.018151
0 0.599636 0.429074 0.011504 0.061805
0 0.648527 0.412301 0.009433 0.025044
0 0.646111 0.438609 0.007823 0.014705
0 0.627360 0.513854 0.005292 0.040667
0 0.633572 0.516726 0.012194 0.029409
0 0.715020 0.434473 0.010354 0.041356
0 0.740443 0.397137 0.015185 0.018151
0 0.728364 0.463308 0.009433 0.039748
0 0.730205 0.425742 0.008513 0.017921
0 0.775991 0.509719 0.012194 0.066400
0 0.767363 0.509604 0.006902 0.016083
0 0.768398 0.446880 0.004832 0.016083
0 0.774265 0.452279 0.007823 0.044803
0 0.794052 0.433899 0.007823 0.034694
0 0.798883 0.391853 0.005522 0.014934
0 0.826608 0.477897 0.010814 0.060197
0 0.824652 0.412991 0.010123 0.057210
0 0.790025 0.493636 0.013114 0.078807
0 0.782088 0.557738 0.004602 0.021827
0 0.775876 0.566814 0.007363 0.042276
0 0.812228 0.574396 0.013345 0.044114
0 0.809122 0.466639 0.008973 0.023435
0 0.837505 0.431658 0.007938 0.098222
0 0.846995 0.443548 0.011044 0.123380
0 0.856722 0.507265 0.016003 0.163965
0 0.837332 0.525227 0.006212 0.057899
0 0.828877 0.568479 0.008628 0.030673
0 0.825023 0.581177 0.007851 0.040043
0 0.824883 0.526014 0.008132 0.037242
0 0.804132 0.542535 0.005328 0.009801
0 0.856289 0.593907 0.007537 0.040143
0 0.869390 0.444803 0.007896 0.025806
0 0.880337 0.449283 0.007537 0.016846
0 0.874235 0.461649 0.007537 0.017921
0 0.880157 0.475090 0.007896 0.014695
0 0.888592 0.510036 0.008255 0.041577
0 0.872082 0.504122 0.007537 0.034767
0 0.878363 0.527061 0.006461 0.018280
0 0.917844 0.527778 0.005743 0.030466
0 0.904620 0.519998 0.007066 0.019207
0 0.930173 0.558491 0.008664 0.036769
0 0.902325 0.497775 0.005569 0.020393
0 0.896137 0.498393 0.008045 0.043258
0 0.911298 0.539025 0.004951 0.020084
0 0.876334 0.552157 0.008045 0.031516
0 0.907431 0.565443 0.007117 0.014831
0 0.877572 0.600976 0.008664 0.032134
0 0.943942 0.590162 0.005879 0.017303
0 0.885153 0.565907 0.008354 0.019466
0 0.889175 0.537480 0.007117 0.018230
0 0.358104 0.592038 0.010896 0.029442