0 0.038409 0.181004 0.035058 0.290323
0 0.184932 0.186380 0.031462 0.354839
0 0.893723 0.858423 0.023372 0.127240
0 0.826754 0.831541 0.027866 0.279570
0 0.990908 0.626344 0.018184 0.089606
0 0.806978 0.633513 0.020675 0.146953
0 0.992257 0.843638 0.015486 0.276882
0 0.347635 0.624104 0.031462 0.115591
0 0.170549 0.874104 0.045844 0.176523
0 0.241563 0.691308 0.044047 0.163978
0 0.929230 0.203405 0.141129 0.344086
0 0.011789 0.521057 0.023577 0.319892
0 0.096389 0.693996 0.025170 0.370072
0 0.055938 0.677419 0.025170 0.304659
0 0.379995 0.170251 0.024271 0.087814
0 0.317971 0.142025 0.042249 0.262545
0 0.166055 0.650986 0.031462 0.174731
0 0.144031 0.849014 0.037754 0.054659
0 0.342691 0.862007 0.037754 0.268817
0 0.502247 0.324373 0.072812 0.141577