0 0.042247 0.246518 0.029712 0.225627
0 0.083565 0.549211 0.023213 0.210771
0 0.107242 0.279944 0.027855 0.338904
0 0.126277 0.208914 0.015785 0.176416
0 0.136026 0.266017 0.027855 0.314763
0 0.188022 0.855153 0.022284 0.087279
0 0.242340 0.728877 0.025070 0.354689
0 0.322656 0.247447 0.012999 0.307335
0 0.310121 0.679666 0.034355 0.393686
0 0.334262 0.617456 0.017642 0.581244
0 0.525998 0.691736 0.024141 0.423398
0 0.485608 0.510678 0.025070 0.804085
0 0.612813 0.766945 0.019499 0.063138
0 0.627669 0.806407 0.021356 0.188487
0 0.596565 0.859331 0.024141 0.069638
0 0.693129 0.716342 0.035283 0.324048
0 0.727948 0.685237 0.023213 0.252553
0 0.744661 0.715877 0.025070 0.319406
0 0.782730 0.577530 0.023213 0.050139
0 0.809656 0.669916 0.038069 0.208914
0 0.804550 0.624420 0.016713 0.101207
0 0.885794 0.534355 0.023213 0.463324
0 0.893222 0.710771 0.008357 0.340761
0 0.967502 0.832869 0.013928 0.081708
0 0.951253 0.769266 0.024141 0.090065
0 0.770659 0.236769 0.023213 0.272981
0 0.822191 0.240019 0.089136 0.299907
0 0.459146 0.242804 0.029712 0.303621
0 0.409006 0.282266 0.022284 0.113278
0 0.397864 0.674095 0.025998 0.263695
0 0.421077 0.914578 0.016713 0.092851
0 0.455896 0.885794 0.032498 0.068709